# x y stream-function vorticity temperature
# Unflattened from original Fortran order: Do I=1,NQ; Do j=1,NX+2; Do k=1,NY+2
# NQ=3, NX=19, NY=19, total_nodes_x=21, total_nodes_y=21
0.0000000000000000E+00 0.0000000000000000E+00 2.6088614775432450E-19 7.2422725937963514E+03 -5.0828758360841526E+00
0.0000000000000000E+00 5.0000000000000003E-02 1.1858461261560200E-19 7.2422725937963514E+03 1.0000000000000000E+00
0.0000000000000000E+00 1.0000000000000001E-01 1.2874900798265370E-19 1.0721814467109931E+04 1.0000000000000000E+00
0.0000000000000000E+00 1.5000000000000002E-01 -7.7927031147395631E-20 9.3449257308528340E+03 1.0000000000000000E+00
0.0000000000000000E+00 2.0000000000000001E-01 1.5924219408380851E-19 7.1691138778628019E+03 1.0000000000000000E+00
0.0000000000000000E+00 2.5000000000000000E-01 6.7762635780344027E-21 5.5583605461248853E+03 1.0000000000000000E+00
0.0000000000000000E+00 3.0000000000000004E-01 -6.9456701674852628E-20 4.5423814344900029E+03 1.0000000000000000E+00
0.0000000000000000E+00 3.5000000000000003E-01 -1.5246593050577411E-19 3.9031906771124109E+03 1.0000000000000000E+00
0.0000000000000000E+00 4.0000000000000002E-01 3.8624702394796100E-19 3.4803634340145541E+03 1.0000000000000000E+00
0.0000000000000000E+00 4.5000000000000001E-01 4.0657581468206422E-20 3.1821955109067640E+03 1.0000000000000000E+00
0.0000000000000000E+00 5.0000000000000000E-01 5.4887734982078662E-19 2.9529732018649120E+03 1.0000000000000000E+00
0.0000000000000000E+00 5.5000000000000004E-01 -1.1655173354219171E-18 2.7537174531782121E+03 1.0000000000000000E+00
0.0000000000000000E+00 6.0000000000000009E-01 7.9621097041904232E-20 2.5540568337775348E+03 1.0000000000000000E+00
0.0000000000000000E+00 6.5000000000000002E-01 3.9641141931501261E-19 2.3289488361238568E+03 1.0000000000000000E+00
0.0000000000000000E+00 7.0000000000000007E-01 -1.4738373282224830E-18 2.0589886912388201E+03 1.0000000000000000E+00
0.0000000000000000E+00 7.5000000000000000E-01 1.0028870095490920E-18 1.7348853644448920E+03 1.0000000000000000E+00
0.0000000000000000E+00 8.0000000000000004E-01 -3.5795612350966732E-18 1.3639897968405130E+03 1.0000000000000000E+00
0.0000000000000000E+00 8.5000000000000009E-01 -1.5534584252643870E-18 9.7147986487910441E+02 1.0000000000000000E+00
0.0000000000000000E+00 9.0000000000000002E-01 -5.5836411883003478E-18 5.8680345818027433E+02 1.0000000000000000E+00
0.0000000000000000E+00 9.5000000000000007E-01 -1.1058862159352150E-17 2.1251136371657589E+02 1.0000000000000000E+00
0.0000000000000000E+00 1.0000000000000000E+00 -8.3500507940328927E-18 2.1251144262531031E+02 9.7405998884487244E-01
5.0000000000000003E-02 0.0000000000000000E+00 1.5754812818929991E-19 7.2422725937963514E+03 -1.1165751672168311E+01
5.0000000000000003E-02 5.0000000000000003E-02 4.4793468173274036E+00 -3.7341131463947781E+03 -1.0199684688341920E+01
5.0000000000000003E-02 1.0000000000000001E-01 6.9163017533240732E+00 -4.8445052209345213E+03 -7.3014837368627497E+00
5.0000000000000003E-02 1.5000000000000002E-01 6.5145256787089618E+00 -3.0549902987593382E+03 -4.5741931932007001E+00
5.0000000000000003E-02 2.0000000000000001E-01 5.3076735213824184E+00 -1.5998116840421860E+03 -2.7003942139267578E+00
5.0000000000000003E-02 2.5000000000000000E-01 4.2709905853498364E+00 -8.6634399289520979E+02 -1.5285865730739969E+00
5.0000000000000003E-02 3.0000000000000004E-01 3.5626831277227469E+00 -5.3432361726836200E+02 -7.9380005801927933E-01
5.0000000000000003E-02 3.5000000000000003E-01 3.1027093401132810E+00 -3.5987915987600837E+02 -3.1782407465143381E-01
5.0000000000000003E-02 4.0000000000000002E-01 2.8006687626934501E+00 -2.3912203788426291E+02 -2.6477295925304790E-04
5.0000000000000003E-02 4.5000000000000001E-01 2.5943387816073131E+00 -1.3797813151754210E+02 2.1722116019003021E-01
5.0000000000000003E-02 5.0000000000000000E-01 2.4415688862439451E+00 -4.6181251378965371E+01 3.7089857692431272E-01
5.0000000000000003E-02 5.5000000000000004E-01 2.3112022668380030E+00 3.9450368744724329E+01 4.8398472540337117E-01
5.0000000000000003E-02 6.0000000000000009E-01 2.1780857413909338E+00 1.1929195599434470E+02 5.7145324337591530E-01
5.0000000000000003E-02 6.5000000000000002E-01 2.0205397760191839E+00 1.9139764567807089E+02 6.4303296710394886E-01
5.0000000000000003E-02 7.0000000000000007E-01 1.8202784977622610E+00 2.5069088195532879E+02 7.0506450133950493E-01
5.0000000000000003E-02 7.5000000000000000E-01 1.5657266174967861E+00 2.8797304111300798E+02 7.6155438238975104E-01
5.0000000000000003E-02 8.0000000000000004E-01 1.2578486716560819E+00 2.9085712832522302E+02 8.1474220651957330E-01
5.0000000000000003E-02 8.5000000000000009E-01 9.1338338504181271E-01 2.4916032901187140E+02 8.6504435604029473E-01
5.0000000000000003E-02 9.0000000000000002E-01 5.5863498233111630E-01 1.6711700127744359E+02 9.0912151377336259E-01
5.0000000000000003E-02 9.5000000000000007E-01 2.2064472513646641E-01 1.0452459711262760E+02 9.3837036171064936E-01
5.0000000000000003E-02 1.0000000000000000E+00 -5.7462715141731743E-18 2.1251152153404479E+02 9.4811997768974487E-01
1.0000000000000001E-01 0.0000000000000000E+00 1.3383120566617950E-19 9.9944466713178406E+02 -7.8878624887462490E+00
1.0000000000000001E-01 5.0000000000000003E-02 1.6658023717854860E+00 1.9990362388741280E+03 -7.3259796897629439E+00
1.0000000000000001E-01 1.0000000000000001E-01 4.5600711039798529E+00 1.2677771795425590E+03 -5.6403312928130278E+00
1.0000000000000001E-01 1.5000000000000002E-01 6.1966514656164948E+00 -1.5238715965051171E+02 -4.2974745798747236E+00
1.0000000000000001E-01 2.0000000000000001E-01 6.4456484921701502E+00 -7.8522289117201069E+02 -3.0788054528612512E+00
1.0000000000000001E-01 2.5000000000000000E-01 6.0477456455084964E+00 -9.2145577809391762E+02 -2.0820319158363270E+00
1.0000000000000001E-01 3.0000000000000004E-01 5.5412235024467540E+00 -8.8242524689949812E+02 -1.3328774138158870E+00
1.0000000000000001E-01 3.5000000000000003E-01 5.1477875435338207E+00 -8.1359527662517769E+02 -7.9864133794248404E-01
1.0000000000000001E-01 4.0000000000000002E-01 4.9078218165265666E+00 -7.5655934554534042E+02 -4.2509911675786921E-01
1.0000000000000001E-01 4.5000000000000001E-01 4.7901721384178284E+00 -7.1463880795660907E+02 -1.6154252297413160E-01
1.0000000000000001E-01 5.0000000000000000E-01 4.7452813646422793E+00 -6.8151946851885509E+02 3.0209704732139710E-02
1.0000000000000001E-01 5.5000000000000004E-01 4.7237803645182250E+00 -6.5062635291310278E+02 1.7616443369976581E-01
1.0000000000000001E-01 6.0000000000000009E-01 4.6788308215803527E+00 -6.1672599106646999E+02 2.9349673516058461E-01
1.0000000000000001E-01 6.5000000000000002E-01 4.5622889933789557E+00 -5.7474964803338594E+02 3.9377993387712079E-01
1.0000000000000001E-01 7.0000000000000007E-01 4.3215748210993201E+00 -5.1810586954814892E+02 4.8518419646343702E-01
1.0000000000000001E-01 7.5000000000000000E-01 3.9047119248069850E+00 -4.3895097407680879E+02 5.7350779890042669E-01
1.0000000000000001E-01 8.0000000000000004E-01 3.2794275265693309E+00 -3.3404064815017989E+02 6.6211237900503528E-01
1.0000000000000001E-01 8.5000000000000009E-01 2.4599507272736219E+00 -2.1472818833184741E+02 7.5079370138315149E-01
1.0000000000000001E-01 9.0000000000000002E-01 1.5183043347909819E+00 -9.9723489301162573E+01 8.3176912824438487E-01
1.0000000000000001E-01 9.5000000000000007E-01 5.8525541878400766E-01 9.7410524278435986E+01 8.8602891174374598E-01
1.0000000000000001E-01 1.0000000000000000E+00 -3.2915700330302111E-18 6.5360163807869128E+02 9.0411550624353298E-01
1.5000000000000002E-01 0.0000000000000000E+00 6.7762635780344027E-21 3.3317322236484129E+03 -9.1025618727895843E+00
1.5000000000000002E-01 5.0000000000000003E-02 2.6213823119598141E+00 -3.7214708608914248E+02 -8.5269480678063942E+00
1.5000000000000002E-01 1.0000000000000001E-01 5.4154787224887313E+00 -1.5761659181167629E+03 -6.8001066528568206E+00
1.5000000000000002E-01 1.5000000000000002E-01 6.2797951602630029E+00 -6.5676383033250124E+02 -4.5572344452459541E+00
1.5000000000000002E-01 2.0000000000000001E-01 6.1241706888307093E+00 -1.6571633879455109E+02 -2.9225761486956761E+00
1.5000000000000002E-01 2.5000000000000000E-01 5.7155944079034988E+00 -7.6898866600019645E+01 -1.8765040858393289E+00
1.5000000000000002E-01 3.0000000000000004E-01 5.3693983510964758E+00 -9.8166344275326821E+01 -1.1930603309128520E+00
1.5000000000000002E-01 3.5000000000000003E-01 5.1937720310389990E+00 -1.4899058379496671E+02 -7.3389048695739434E-01
1.5000000000000002E-01 4.0000000000000002E-01 5.1891417578423864E+00 -2.0727973891409840E+02 -4.1771033942673480E-01
1.5000000000000002E-01 4.5000000000000001E-01 5.3099882562552239E+00 -2.6442603104304408E+02 -1.9253075694933000E-01
1.5000000000000002E-01 5.0000000000000000E-01 5.5004228238264794E+00 -3.1788152818404029E+02 -2.4879456496064101E-02
1.5000000000000002E-01 5.5000000000000004E-01 5.7066230194852148E+00 -3.6850391116109239E+02 1.0654010656814290E-01
1.5000000000000002E-01 6.0000000000000009E-01 5.8755653597479052E+00 -4.1838642998385450E+02 2.1544142712800349E-01
1.5000000000000002E-01 6.5000000000000002E-01 5.9469867637176899E+00 -4.6805351009314597E+02 3.1119089135735062E-01
1.5000000000000002E-01 7.0000000000000007E-01 5.8441840349271130E+00 -5.1149466681484370E+02 4.0101345674609129E-01
1.5000000000000002E-01 7.5000000000000000E-01 5.4741124039446962E+00 -5.3034724109791182E+02 4.9117707000949279E-01
1.5000000000000002E-01 8.0000000000000004E-01 4.7522005377681946E+00 -4.9602017516575398E+02 5.8652096699725531E-01
1.5000000000000002E-01 8.5000000000000009E-01 3.6549303100911268E+00 -3.8939253980731871E+02 6.8730235005929796E-01
1.5000000000000002E-01 9.0000000000000002E-01 2.2704277101289159E+00 -2.0614706964913759E+02 7.8234289501637855E-01
1.5000000000000002E-01 9.5000000000000007E-01 8.4559893316232171E-01 1.5994542771686400E+02 8.4616499036764048E-01
1.5000000000000002E-01 1.0000000000000000E+00 -2.9442865246559480E-18 9.3474658051511187E+02 8.6743902215139446E-01
2.0000000000000001E-01 0.0000000000000000E+00 2.6596834543785031E-19 2.8857589034128732E+03 -9.2962561105569730E+00
2.0000000000000001E-01 5.0000000000000003E-02 2.4738804106150618E+00 1.6579500170469260E+02 -8.6378719821956338E+00
2.0000000000000001E-01 1.0000000000000001E-01 5.0245177607172931E+00 -5.0479404898962241E+02 -6.6627195971116162E+00
2.0000000000000001E-01 1.5000000000000002E-01 5.8596259334278864E+00 -3.8256220796064412E+02 -4.4969531637725710E+00
2.0000000000000001E-01 2.0000000000000001E-01 5.5363444419785504E+00 1.3067077613702840E+00 -2.8212053663726251E+00
2.0000000000000001E-01 2.5000000000000000E-01 5.0098082329269502E+00 1.6938520783676870E+02 -1.7389887407139271E+00
2.0000000000000001E-01 3.0000000000000004E-01 4.6877124262173044E+00 1.7616162465996860E+02 -1.0694019558213159E+00
2.0000000000000001E-01 3.5000000000000003E-01 4.6311156722202664E+00 1.2357981706905150E+02 -6.4297791546718963E-01
2.0000000000000001E-01 4.0000000000000002E-01 4.7852904238936809E+00 6.0004849104822497E+01 -3.5711382359025712E-01
2.0000000000000001E-01 4.5000000000000001E-01 5.0761521690155167E+00 4.9722551019069849E-01 -1.5423628766689129E-01
2.0000000000000001E-01 5.0000000000000000E-01 5.4371575563515222E+00 -5.4238700208447327E+01 -1.6314608828477881E-03
2.0000000000000001E-01 5.5000000000000004E-01 5.8105077269417276E+00 -1.0853569019235520E+02 1.1993744367608490E-01
2.0000000000000001E-01 6.0000000000000009E-01 6.1406021474036336E+00 -1.6855834107364811E+02 2.2221140543997661E-01
2.0000000000000001E-01 6.5000000000000002E-01 6.3635729814699786E+00 -2.4026037186271219E+02 3.1278197905987781E-01
2.0000000000000001E-01 7.0000000000000007E-01 6.3938441495633533E+00 -3.2365547239219558E+02 3.9739928145698572E-01
2.0000000000000001E-01 7.5000000000000000E-01 6.1170363114475137E+00 -4.0218949682041182E+02 4.8168827089454042E-01
2.0000000000000001E-01 8.0000000000000004E-01 5.4110787771889672E+00 -4.3677139949638189E+02 5.7111059657990770E-01
2.0000000000000001E-01 8.5000000000000009E-01 4.2115637658210936E+00 -3.7975442099525839E+02 6.6677668929096257E-01
2.0000000000000001E-01 9.0000000000000002E-01 2.6023185704489600E+00 -1.8467191748665411E+02 7.5704856385775987E-01
2.0000000000000001E-01 9.5000000000000007E-01 9.2657618494538563E-01 2.4766746163324379E+02 8.1683605861550668E-01
2.0000000000000001E-01 1.0000000000000000E+00 1.0738683705290020E-17 9.8805832072009332E+02 8.3676522353475569E-01
2.5000000000000000E-01 0.0000000000000000E+00 -4.6756218688437379E-19 3.2669665390411510E+03 -9.9246315602528661E+00
2.5000000000000000E-01 5.0000000000000003E-02 2.6641090863975641E+00 -1.4007146128007241E+02 -9.1964510796704690E+00
2.5000000000000000E-01 1.0000000000000001E-01 5.0880445519457771E+00 -9.5122155911081450E+02 -7.0119096379232779E+00
2.5000000000000000E-01 1.5000000000000002E-01 5.5985324486364121E+00 -4.6608790317369301E+02 -4.5865942987562818E+00
2.5000000000000000E-01 2.0000000000000001E-01 5.0668184242315473E+00 -2.3648198685887870E+01 -2.8199914668521759E+00
2.5000000000000000E-01 2.5000000000000000E-01 4.4447105096938504E+00 1.5446396641976881E+02 -1.7109861372762880E+00
2.5000000000000000E-01 3.0000000000000004E-01 4.1179316575478104E+00 1.7216451049581491E+02 -1.0366542937235881E+00
2.5000000000000000E-01 3.5000000000000003E-01 4.1141969755321739E+00 1.3522475125931001E+02 -6.1366533211212837E-01
2.5000000000000000E-01 4.0000000000000002E-01 4.3493573880174283E+00 9.0824832441764840E+01 -3.3248705852807942E-01
2.5000000000000000E-01 4.5000000000000001E-01 4.7329741858970458E+00 5.0619431261803079E+01 -1.3317696723181399E-01
2.5000000000000000E-01 5.0000000000000000E-01 5.1896038440542851E+00 1.3675908764707170E+01 1.7388291630436790E-02
2.5000000000000000E-01 5.5000000000000004E-01 5.6539796089265364E+00 -2.3725647105531522E+01 1.3835305245855231E-01
2.5000000000000000E-01 6.0000000000000009E-01 6.0636631235536953E+00 -6.6760391028498248E+01 2.4115174143760851E-01
2.5000000000000000E-01 6.5000000000000002E-01 6.3509066111396084E+00 -1.2255781321651870E+02 3.3264642261705579E-01
2.5000000000000000E-01 7.0000000000000007E-01 6.4300441840530471E+00 -1.9612199565047621E+02 4.1725592795845612E-01
2.5000000000000000E-01 7.5000000000000000E-01 6.1861547223142086E+00 -2.7801658204889691E+02 4.9895440457399792E-01
2.5000000000000000E-01 8.0000000000000004E-01 5.4888973003513719E+00 -3.3129664046450421E+02 5.8198771639952129E-01
2.5000000000000000E-01 8.5000000000000009E-01 4.2591470706164163E+00 -2.9516516292488552E+02 6.6723648200507846E-01
2.5000000000000000E-01 9.0000000000000002E-01 2.5863485218439188E+00 -1.0090271988525350E+02 7.4460915697419650E-01
2.5000000000000000E-01 9.5000000000000007E-01 8.7755590870603428E-01 3.1186620468792739E+02 7.9418559808030731E-01
2.5000000000000000E-01 1.0000000000000000E+00 -4.9110970281804334E-18 8.9713458439658382E+02 8.1071107844901091E-01
3.0000000000000004E-01 0.0000000000000000E+00 8.3009228830921433E-20 3.3877841823554031E+03 -1.0518451144357520E+01
3.0000000000000004E-01 5.0000000000000003E-02 2.7443327193930989E+00 -1.8917003445733479E+02 -9.6838972521421915E+00
3.0000000000000004E-01 1.0000000000000001E-01 4.9688146276530798E+00 -8.4407335576735932E+02 -7.1802355754961908E+00
3.0000000000000004E-01 1.5000000000000002E-01 5.2460074515490396E+00 -3.8637998405659567E+02 -4.6065167127702944E+00
3.0000000000000004E-01 2.0000000000000001E-01 4.5890260388463568E+00 5.4264113256267859E+00 -2.8064073151607349E+00
3.0000000000000004E-01 2.5000000000000000E-01 3.9412509593723990E+00 1.4458273523316390E+02 -1.6998188826703859E+00
3.0000000000000004E-01 3.0000000000000004E-01 3.6416097820070039E+00 1.4741848059492690E+02 -1.0301157628442290E+00
3.0000000000000004E-01 3.5000000000000003E-01 3.6874668056617872E+00 1.1152680628182461E+02 -6.0866249673790973E-01
3.0000000000000004E-01 4.0000000000000002E-01 3.9820090340201109E+00 7.4460694843398556E+01 -3.2698041673793182E-01
3.0000000000000004E-01 4.5000000000000001E-01 4.4307243140984580E+00 4.1741554585183451E+01 -1.2644962226331921E-01
3.0000000000000004E-01 5.0000000000000000E-01 4.9535187591238170E+00 1.0775912741768691E+01 2.5522766768109661E-02
3.0000000000000004E-01 5.5000000000000004E-01 5.4758989859722202E+00 -2.0242973635271010E+01 1.4819911093849580E-01
3.0000000000000004E-01 6.0000000000000009E-01 5.9237360786120146E+00 -5.2905587194571950E+01 2.5333051016437391E-01
3.0000000000000004E-01 6.5000000000000002E-01 6.2210341999124941E+00 -9.1642394938699752E+01 3.4776936530645858E-01
3.0000000000000004E-01 7.0000000000000007E-01 6.2831599320057361E+00 -1.4253263223214790E+02 4.3508334112955283E-01
3.0000000000000004E-01 7.5000000000000000E-01 6.0066987534285712E+00 -2.0215052292261129E+02 5.1734823422054554E-01
3.0000000000000004E-01 8.0000000000000004E-01 5.2779921436866122E+00 -2.4072606903608039E+02 5.9645141882021913E-01
3.0000000000000004E-01 8.5000000000000009E-01 4.0348394499799758E+00 -1.9913947714056391E+02 6.7200917447984698E-01
3.0000000000000004E-01 9.0000000000000002E-01 2.3903192746206932E+00 -1.3035950535416980E+01 7.3607212639118746E-01
3.0000000000000004E-01 9.5000000000000007E-01 7.7696446299049460E-01 3.3566257124059632E+02 7.7517836254380457E-01
3.0000000000000004E-01 1.0000000000000000E+00 5.5565361339882102E-19 7.6452659791039468E+02 7.8821377459467701E-01
3.5000000000000003E-01 0.0000000000000000E+00 6.9456701674852628E-20 3.6200887366850989E+03 -1.1259074554345990E+01
3.5000000000000003E-01 5.0000000000000003E-02 2.8714820632841498E+00 -3.4862072687263588E+02 -1.0298463466794461E+01
3.5000000000000003E-01 1.0000000000000001E-01 4.8672601347854272E+00 -9.0961748294808376E+02 -7.4166302041398682E+00
3.5000000000000003E-01 1.5000000000000002E-01 4.8500176158547381E+00 -3.2155250337427651E+02 -4.6208129942962293E+00
3.5000000000000003E-01 2.0000000000000001E-01 4.0680086559853992E+00 6.0381634054912823E+01 -2.7761601441019441E+00
3.5000000000000003E-01 2.5000000000000000E-01 3.4280748408615640E+00 1.6189741642970449E+02 -1.6801387964921071E+00
3.5000000000000003E-01 3.0000000000000004E-01 3.1852660101897410E+00 1.4339013819428749E+02 -1.0226569353243320E+00
3.5000000000000003E-01 3.5000000000000003E-01 3.2939264579166552E+00 1.0154589656669360E+02 -6.0615676604484670E-01
3.5000000000000003E-01 4.0000000000000002E-01 3.6486643145413651E+00 6.4775077689296893E+01 -3.2495985855654608E-01
3.5000000000000003E-01 4.5000000000000001E-01 4.1582044653229291E+00 3.2045723591743737E+01 -1.2356558535351690E-01
3.5000000000000003E-01 5.0000000000000000E-01 4.7421305109595808E+00 -1.2665808102988969E+00 2.9253040252237308E-02
3.5000000000000003E-01 5.5000000000000004E-01 5.3172679706151964E+00 -3.5344245563976607E+01 1.5267536476327750E-01
3.5000000000000003E-01 6.0000000000000009E-01 5.7954021267751079E+00 -6.7884430130829244E+01 2.5890430987732682E-01
3.5000000000000003E-01 6.5000000000000002E-01 6.0882485665633528E+00 -9.8730221853243464E+01 3.5517092759975999E-01
3.5000000000000003E-01 7.0000000000000007E-01 6.1093111832124949E+00 -1.3135068746537789E+02 4.4475212511481338E-01
3.5000000000000003E-01 7.5000000000000000E-01 5.7698730739678643E+00 -1.6490947298357531E+02 5.2825503298995113E-01
3.5000000000000003E-01 8.0000000000000004E-01 4.9864316662892083E+00 -1.7784433492621500E+02 6.0515685174194200E-01
3.5000000000000003E-01 8.5000000000000009E-01 3.7338745814902361E+00 -1.2222512335236040E+02 6.7346488593300735E-01
3.5000000000000003E-01 9.0000000000000002E-01 2.1562985559298982E+00 4.9104231881246143E+01 7.2709470103173923E-01
3.5000000000000003E-01 9.5000000000000007E-01 6.7913912174555280E-01 3.2959255548699713E+02 7.5807883151968569E-01
3.5000000000000003E-01 1.0000000000000000E+00 9.7408788934244539E-18 6.5017112982160575E+02 7.6840687501566796E-01
4.0000000000000002E-01 0.0000000000000000E+00 2.7782680669941051E-19 3.8571322227058922E+03 -1.2112773208983880E+01
4.0000000000000002E-01 5.0000000000000003E-02 3.0027835558022140E+00 -5.0758412626228028E+02 -1.0993020395595011E+01
4.0000000000000002E-01 1.0000000000000001E-01 4.7100976917062454E+00 -9.0390695815101788E+02 -7.6337619554283886E+00
4.0000000000000002E-01 1.5000000000000002E-01 4.3879948578620613E+00 -2.3266764635400580E+02 -4.6128617016112514E+00
4.0000000000000002E-01 2.0000000000000001E-01 3.5022443311737121E+00 1.2088673168264100E+02 -2.7350781766988810E+00
4.0000000000000002E-01 2.5000000000000000E-01 2.8989165037967339E+00 1.8125890358147959E+02 -1.6562393717967101E+00
4.0000000000000002E-01 3.0000000000000004E-01 2.7327579551935779E+00 1.4204049111368241E+02 -1.0138137348027700E+00
4.0000000000000002E-01 3.5000000000000003E-01 2.9109724180492922E+00 9.6169619732184898E+01 -6.0307000118190690E-01
4.0000000000000002E-01 4.0000000000000002E-01 3.3246232389984511E+00 6.1081161390694817E+01 -3.2262550003061641E-01
4.0000000000000002E-01 4.5000000000000001E-01 3.8920796283900980E+00 2.8420150383655709E+01 -1.2084891114413870E-01
4.0000000000000002E-01 5.0000000000000000E-01 4.5364168730525671E+00 -8.5149450883434010E+00 3.1954082394798869E-02
4.0000000000000002E-01 5.5000000000000004E-01 5.1671225043118314E+00 -4.8547867408796009E+01 1.5488738275292080E-01
4.0000000000000002E-01 6.0000000000000009E-01 5.6816970873006252E+00 -8.6129665566867772E+01 2.6062318647386568E-01
4.0000000000000002E-01 6.5000000000000002E-01 5.9778682276066402E+00 -1.1659814211266730E+02 3.5689360581194041E-01
4.0000000000000002E-01 7.0000000000000007E-01 5.9642239318981654E+00 -1.3910866952111891E+02 4.4708559722892988E-01
4.0000000000000002E-01 7.5000000000000000E-01 5.5645586529514510E+00 -1.5238957887854269E+02 5.3101561529046493E-01
4.0000000000000002E-01 8.0000000000000004E-01 4.7275704020822387E+00 -1.4191788795765731E+02 6.0639159097187523E-01
4.0000000000000002E-01 8.5000000000000009E-01 3.4699196378460639E+00 -7.3967483739315384E+01 6.6980948744442492E-01
4.0000000000000002E-01 9.0000000000000002E-01 1.9628271882490089E+00 8.1272854123178163E+01 7.1641063197001098E-01
4.0000000000000002E-01 9.5000000000000007E-01 6.0727488133587071E-01 3.1088601396509449E+02 7.4199395194280959E-01
4.0000000000000002E-01 1.0000000000000000E+00 -3.0137432263308010E-18 5.7328726325967341E+02 7.5052172526707583E-01
4.5000000000000001E-01 0.0000000000000000E+00 -8.6397360619938635E-20 4.1503822186040807E+03 -1.3138211537326530E+01
4.5000000000000001E-01 5.0000000000000003E-02 3.1605941147447960E+00 -7.1533878788395566E+02 -1.1816189475547750E+01
4.5000000000000001E-01 1.0000000000000001E-01 4.5034559826185028E+00 -8.8618935546324860E+02 -7.8501232902114344E+00
4.5000000000000001E-01 1.5000000000000002E-01 3.8557666875630781E+00 -1.2401441163009980E+02 -4.5847838557478591E+00
4.5000000000000001E-01 2.0000000000000001E-01 2.8984922238185011E+00 1.7962557822465021E+02 -2.6875225578117208E+00
4.5000000000000001E-01 2.5000000000000000E-01 2.3650063967105490E+00 1.9111194520465139E+02 -1.6332192152648040E+00
4.5000000000000001E-01 3.0000000000000004E-01 2.2896350621724411E+00 1.3337374921787341E+02 -1.0068394451417231E+00
4.5000000000000001E-01 3.5000000000000003E-01 2.5354720305690339E+00 8.8977837579583337E+01 -6.0083312868068306E-01
4.5000000000000001E-01 4.0000000000000002E-01 3.0003459698893509E+00 6.0195415682728033E+01 -3.2039142376978108E-01
4.5000000000000001E-01 4.5000000000000001E-01 3.6197720176239510E+00 3.0272887295401961E+01 -1.1818560998543380E-01
4.5000000000000001E-01 5.0000000000000000E-01 4.3230255723279107E+00 -9.0514021095392998E+00 3.4181218788295407E-02
4.5000000000000001E-01 5.5000000000000004E-01 5.0126825690948191E+00 -5.4890350418231463E+01 1.5592070648278120E-01
4.5000000000000001E-01 6.0000000000000009E-01 5.5724957898450622E+00 -9.9016886986040461E+01 2.6016856130734611E-01
4.5000000000000001E-01 6.5000000000000002E-01 5.8867968944529876E+00 -1.3330432082133680E+02 3.5510823374827338E-01
4.5000000000000001E-01 7.0000000000000007E-01 5.8580598424928398E+00 -1.5274762850385540E+02 4.4439385587230379E-01
4.5000000000000001E-01 7.5000000000000000E-01 5.4186261226157546E+00 -1.5401265594839791E+02 5.2761631462192327E-01
4.5000000000000001E-01 8.0000000000000004E-01 4.5438864095766602E+00 -1.2730850110962930E+02 6.0153629928178598E-01
4.5000000000000001E-01 8.5000000000000009E-01 3.2859486148269630E+00 -5.1299059043959993E+01 6.6179169858680353E-01
4.5000000000000001E-01 9.0000000000000002E-01 1.8347421134208619E+00 9.1439077759978630E+01 7.0412178724925756E-01
4.5000000000000001E-01 9.5000000000000007E-01 5.6434827342447069E-01 2.9154845328493951E+02 7.2647989647289468E-01
4.5000000000000001E-01 1.0000000000000000E+00 9.4867690092481638E-20 5.3144408493773119E+02 7.3393259954744039E-01
5.0000000000000000E-01 0.0000000000000000E+00 2.5580395007079870E-19 4.5053637563476886E+03 -1.4383001054918781E+01
5.0000000000000000E-01 5.0000000000000003E-02 3.3477898975516860E+00 -9.7603199802392055E+02 -1.2796652375841211E+01
5.0000000000000000E-01 1.0000000000000001E-01 4.2242015885761202E+00 -8.3657826055891815E+02 -8.0376063386084802E+00
5.0000000000000000E-01 1.5000000000000002E-01 3.2426518365339358E+00 -1.9449303196479659E+00 -4.5230304628055293E+00
5.0000000000000000E-01 2.0000000000000001E-01 2.2614522486738720E+00 2.3089145221903800E+02 -2.6325314180637802E+00
5.0000000000000000E-01 2.5000000000000000E-01 1.8363606504401639E+00 1.8750081963847970E+02 -1.6132641258931879E+00
5.0000000000000000E-01 3.0000000000000004E-01 1.8614703831328689E+00 1.1633079973830731E+02 -1.0037174930369110E+00
5.0000000000000000E-01 3.5000000000000003E-01 2.1665782240895042E+00 8.1202251137241461E+01 -6.0074997031973976E-01
5.0000000000000000E-01 4.0000000000000002E-01 2.6719841954167238E+00 6.4001242692754062E+01 -3.1910860618425302E-01
5.0000000000000000E-01 4.5000000000000001E-01 3.3380640431816722E+00 3.9034088078163869E+01 -1.1607149984806980E-01
5.0000000000000000E-01 5.0000000000000000E-01 4.1003283475170411E+00 -2.0137796966885420E+00 3.5831821056212888E-02
5.0000000000000000E-01 5.5000000000000004E-01 4.8522709660015364E+00 -5.3257702507618028E+01 1.5613134494917180E-01
5.0000000000000000E-01 6.0000000000000009E-01 5.4639062990299969E+00 -1.0392174762203921E+02 2.5844929491739882E-01
5.0000000000000000E-01 6.5000000000000002E-01 5.8085990374947736E+00 -1.4382259391083261E+02 3.5136335960011450E-01
5.0000000000000000E-01 7.0000000000000007E-01 5.7841633749426880E+00 -1.6503888484349460E+02 4.3880228879943789E-01
5.0000000000000000E-01 7.5000000000000000E-01 5.3283781956592673E+00 -1.6171971192314891E+02 5.2044110391666354E-01
5.0000000000000000E-01 8.0000000000000004E-01 4.4350112434602549E+00 -1.2631526886329250E+02 5.9274653164596536E-01
5.0000000000000000E-01 8.5000000000000009E-01 3.1807059096555288E+00 -4.5995956477036529E+01 6.5087983890499879E-01
5.0000000000000000E-01 9.0000000000000002E-01 1.7660563485207139E+00 8.9411306101909190E+01 6.9076276864385688E-01
5.0000000000000000E-01 9.5000000000000007E-01 5.4424725387555151E-01 2.7684376044128737E+02 7.1134184147312807E-01
5.0000000000000000E-01 1.0000000000000000E+00 5.5768649247223127E-18 5.1467519424234717E+02 7.1820153241621854E-01
5.5000000000000004E-01 0.0000000000000000E+00 -5.2516042729766621E-20 4.9275377948516461E+03 -1.5927719832107829E+01
5.5000000000000004E-01 5.0000000000000003E-02 3.5662838191059740E+00 -1.2959946789294499E+03 -1.4000016213622979E+01
5.5000000000000004E-01 1.0000000000000001E-01 3.8231314619422170E+00 -6.4647597197710593E+02 -8.2169053581684430E+00
5.5000000000000004E-01 1.5000000000000002E-01 2.5203314920137680E+00 1.7635586383389540E+02 -4.4386692740252034E+00
5.5000000000000004E-01 2.0000000000000001E-01 1.5921139887156639E+00 2.7732832544552531E+02 -2.5748615884797519E+00
5.5000000000000004E-01 2.5000000000000000E-01 1.3214151550119200E+00 1.6891780292000541E+02 -1.5995877479772340E+00
5.5000000000000004E-01 3.0000000000000004E-01 1.4518877196708191E+00 9.3529710148475417E+01 -1.0063142902112889E+00
5.5000000000000004E-01 3.5000000000000003E-01 1.8041448738763111E+00 7.7417696320673670E+01 -6.0361716398544596E-01
5.5000000000000004E-01 4.0000000000000002E-01 2.3416780550270349E+00 7.5920527923406169E+01 -3.1887006830220360E-01
5.5000000000000004E-01 4.5000000000000001E-01 3.0553766522725221E+00 5.5430493993079310E+01 -1.1405592569296850E-01
5.5000000000000004E-01 5.0000000000000000E-01 3.8822323776241769E+00 1.0852185845946350E+01 3.7733585233259842E-02
5.5000000000000004E-01 5.5000000000000004E-01 4.7005568530228814E+00 -4.6257080548525970E+01 1.5652924566071399E-01
5.5000000000000004E-01 6.0000000000000009E-01 5.3655973638644543E+00 -1.0232127350064530E+02 2.5659453344342043E-01
5.5000000000000004E-01 6.5000000000000002E-01 5.7441251773992494E+00 -1.4717414472003890E+02 3.4702138995342352E-01
5.5000000000000004E-01 7.0000000000000007E-01 5.7341102420316412E+00 -1.7225662860791920E+02 4.3204518839012868E-01
5.5000000000000004E-01 7.5000000000000000E-01 5.2783234868403248E+00 -1.6954943866579910E+02 5.1152586396560462E-01
5.5000000000000004E-01 8.0000000000000004E-01 4.3813390780724024E+00 -1.3148677219735600E+02 5.8198765789876916E-01
5.5000000000000004E-01 8.5000000000000009E-01 3.1332710780213722E+00 -4.9665865017903030E+01 6.3847411790838071E-01
5.5000000000000004E-01 9.0000000000000002E-01 1.7390026150279321E+00 8.2617566768173290E+01 6.7690197909378091E-01
5.5000000000000004E-01 9.5000000000000007E-01 5.3869381528670779E-01 2.6771018989181857E+02 6.9651905165676020E-01
5.5000000000000004E-01 1.0000000000000000E+00 -2.6427427954334171E-18 5.1257784943694526E+02 7.0305807584441993E-01
6.0000000000000009E-01 0.0000000000000000E+00 4.2690460541616742E-19 5.4860535858521253E+03 -1.7947555050554520E+01
6.0000000000000009E-01 5.0000000000000003E-02 3.8542271230472380E+00 -1.7219623520666819E+03 -1.5499341991182400E+01
6.0000000000000009E-01 1.0000000000000001E-01 3.3461701681209428E+00 -6.1789239849287310E+02 -8.1547028130660397E+00
6.0000000000000009E-01 1.5000000000000002E-01 1.7151245826676831E+00 3.1050945784031819E+02 -4.2706810267397577E+00
6.0000000000000009E-01 2.0000000000000001E-01 9.1210419581303170E-01 2.9392020383866623E+02 -2.5108424021541542E+00
6.0000000000000009E-01 2.5000000000000000E-01 8.3469658884416187E-01 1.3412755489855371E+02 -1.5959010736403370E+00
6.0000000000000009E-01 3.0000000000000004E-01 1.0670450185534870E+00 7.0914533446949491E+01 -1.0163246786046329E+00
6.0000000000000009E-01 3.5000000000000003E-01 1.4529855641599230E+00 8.2925292890836829E+01 -6.0902286933223082E-01
6.0000000000000009E-01 4.0000000000000002E-01 2.0211496423450281E+00 9.6778106030194920E+01 -3.1795405128129828E-01
6.0000000000000009E-01 4.5000000000000001E-01 2.7935853186582311E+00 7.4846567142163565E+01 -1.0965179161784910E-01
6.0000000000000009E-01 5.0000000000000000E-01 3.6978925203441131E+00 2.0917285051703640E+01 4.2592860140740089E-02
6.0000000000000009E-01 5.5000000000000004E-01 4.5872726763999898E+00 -4.3632897356176841E+01 1.5959771568749251E-01
6.0000000000000009E-01 6.0000000000000009E-01 5.3004962853074886E+00 -1.0208242209410270E+02 2.5668482842868878E-01
6.0000000000000009E-01 6.5000000000000002E-01 5.7040862401573182E+00 -1.4745065900525401E+02 3.4383215225272012E-01
6.0000000000000009E-01 7.0000000000000007E-01 5.7045798047678051E+00 -1.7439004766813181E+02 4.2574580003575291E-01
6.0000000000000009E-01 7.5000000000000000E-01 5.2530238083697363E+00 -1.7414620738910409E+02 5.0249433651743081E-01
6.0000000000000009E-01 8.0000000000000004E-01 4.3599469330942160E+00 -1.3726750772413419E+02 5.7075630609582861E-01
6.0000000000000009E-01 8.5000000000000009E-01 3.1195756259909269E+00 -5.6034613477329181E+01 6.2563290707168939E-01
6.0000000000000009E-01 9.0000000000000002E-01 1.7356076657286801E+00 7.5457765574829551E+01 6.6297920876397864E-01
6.0000000000000009E-01 9.5000000000000007E-01 5.4080088691885797E-01 2.6313033368699172E+02 6.8199184355703457E-01
6.0000000000000009E-01 1.0000000000000000E+00 2.8748298229810950E-18 5.1739626492967989E+02 6.8832938848805325E-01
6.5000000000000002E-01 0.0000000000000000E+00 2.0667603913004931E-19 6.1220141862134979E+03 -2.0476776653440890E+01
6.5000000000000002E-01 5.0000000000000003E-02 4.1995484964991370E+00 -2.1651122812041758E+03 -1.7454720188852541E+01
6.5000000000000002E-01 1.0000000000000001E-01 2.4226151345094169E+00 3.3763509996459447E+02 -8.3885507950875144E+00
6.5000000000000002E-01 1.5000000000000002E-01 7.1431866255370058E-01 5.6763676492458330E+02 -4.1302436080002662E+00
6.5000000000000002E-01 2.0000000000000001E-01 2.2464872451346671E-01 3.1114365982676782E+02 -2.4639034956036152E+00
6.5000000000000002E-01 2.5000000000000000E-01 3.9901686079269372E-01 9.4301257332452010E+01 -1.6074873385285751E+00
6.5000000000000002E-01 3.0000000000000004E-01 7.2262521495273890E-01 5.5892845851835801E+01 -1.0327723831209770E+00
6.5000000000000002E-01 3.5000000000000003E-01 1.1265857778873429E+00 9.9431735070856305E+01 -6.1350811524682070E-01
6.5000000000000002E-01 4.0000000000000002E-01 1.7297205481824800E+00 1.2056484283908711E+02 -3.1193184660654888E-01
6.5000000000000002E-01 4.5000000000000001E-01 2.5789689616323082E+00 8.4549468722707175E+01 -9.8295758617934645E-02
6.5000000000000002E-01 5.0000000000000000E-01 3.5766607367538681E+00 1.1704637462664280E+01 5.4501474164298187E-02
6.5000000000000002E-01 5.5000000000000004E-01 4.5400910199158808E+00 -6.2520572853607788E+01 1.6874453665936950E-01
6.5000000000000002E-01 6.0000000000000009E-01 5.2903118912874616E+00 -1.1829797391309710E+02 2.6148169099084251E-01
6.5000000000000002E-01 6.5000000000000002E-01 5.7003227316849268E+00 -1.5536894683197411E+02 3.4398107355294738E-01
6.5000000000000002E-01 7.0000000000000007E-01 5.6951577091198811E+00 -1.7667819644678221E+02 4.2161187108361831E-01
6.5000000000000002E-01 7.5000000000000000E-01 5.2406729092358981E+00 -1.7595137761959600E+02 4.9470610561034301E-01
6.5000000000000002E-01 8.0000000000000004E-01 4.3521031951574098E+00 -1.4108363628524410E+02 5.6010789089504320E-01
6.5000000000000002E-01 8.5000000000000009E-01 3.1207170566541138E+00 -6.1707435046864191E+01 6.1302395987902736E-01
6.5000000000000002E-01 9.0000000000000002E-01 1.7432973508393299E+00 6.9670273318299053E+01 6.4922482106846302E-01
6.5000000000000002E-01 9.5000000000000007E-01 5.4672792048226082E-01 2.6146103484325943E+02 6.6767526944176525E-01
6.5000000000000002E-01 1.0000000000000000E+00 -3.5575383784680607E-18 5.2534335865500918E+02 6.7382541889953274E-01
7.0000000000000007E-01 0.0000000000000000E+00 1.2366681029912780E-19 8.2430904496486037E+03 -2.3433108326875690E+01
7.0000000000000007E-01 5.0000000000000003E-02 5.1085708641160181E+00 -4.2256111908122220E+03 -1.9338383617627279E+01
7.0000000000000007E-01 1.0000000000000001E-01 1.6718294702441761E+00 1.5813181444256699E+02 -7.0542094898820613E+00
7.0000000000000007E-01 1.5000000000000002E-01 -2.6754222528987481E-01 7.0131768573665113E+02 -3.7944172134614989E+00
7.0000000000000007E-01 2.0000000000000001E-01 -3.5318340621972583E-01 2.5360848639171010E+02 -2.3978017427344120E+00
7.0000000000000007E-01 2.5000000000000000E-01 8.3206787944639690E-02 1.5739541657159700E+01 -1.6192488142128549E+00
7.0000000000000007E-01 3.0000000000000004E-01 4.5026000073111461E-01 3.6729757300740438E+01 -1.0449987621378849E+00
7.0000000000000007E-01 3.5000000000000003E-01 8.4105216054134091E-01 1.1698165633802230E+02 -6.0896679506283802E-01
7.0000000000000007E-01 4.0000000000000002E-01 1.4782682339944839E+00 1.3280394497229790E+02 -2.9476492738791188E-01
7.0000000000000007E-01 4.5000000000000001E-01 2.4153659410851289E+00 6.7882467394625792E+01 -7.5909293760822560E-02
7.0000000000000007E-01 5.0000000000000000E-01 3.5129736849113069E+00 -3.3000239375734708E+01 7.5942196639551526E-02
7.0000000000000007E-01 5.5000000000000004E-01 4.5472707083254766E+00 -1.1900156351940960E+02 1.8566690948850281E-01
7.0000000000000007E-01 6.0000000000000009E-01 5.3226077588482594E+00 -1.6764537645763559E+02 2.7255087018144891E-01
7.0000000000000007E-01 6.5000000000000002E-01 5.7218339568367087E+00 -1.8655933894845211E+02 3.4902436745300658E-01
7.0000000000000007E-01 7.0000000000000007E-01 5.6943547014053086E+00 -1.9065544706931141E+02 4.2100142472585861E-01
7.0000000000000007E-01 7.5000000000000000E-01 5.2272879563922183E+00 -1.8098138815799331E+02 4.8916517043390290E-01
7.0000000000000007E-01 8.0000000000000004E-01 4.3426779762886154E+00 -1.4470012694892279E+02 5.5065682635418711E-01
7.0000000000000007E-01 8.5000000000000009E-01 3.1246540259930948E+00 -6.6834149208952212E+01 6.0088111892756801E-01
7.0000000000000007E-01 9.0000000000000002E-01 1.7566274003876481E+00 6.4309293102373772E+01 6.3553111179182054E-01
7.0000000000000007E-01 9.5000000000000007E-01 5.5646605075936906E-01 2.6065842285599518E+02 6.5321267546921746E-01
7.0000000000000007E-01 1.0000000000000000E+00 1.2959604092990799E-18 5.3743042759816433E+02 6.5910653002834974E-01
7.5000000000000000E-01 0.0000000000000000E+00 -7.7927031147395631E-20 5.2125804500365284E+03 -3.2694839320487333E+01
7.5000000000000000E-01 5.0000000000000003E-02 3.9988771978576332E+00 -8.2785591123671873E+02 -2.6466606084272819E+01
7.5000000000000000E-01 1.0000000000000001E-01 -6.2387279914052141E-01 2.6632968888051309E+03 -7.7819063756292559E+00
7.5000000000000000E-01 1.5000000000000002E-01 -1.4895805953608809E+00 4.4240889077891978E+02 -3.4719135681065869E+00
7.5000000000000000E-01 2.0000000000000001E-01 -7.9448687493776182E-01 -1.5191293121843481E+02 -2.2853975623920908E+00
7.5000000000000000E-01 2.5000000000000000E-01 -8.9531987219927611E-02 -2.1538976645422551E+02 -1.6082760814605861E+00
7.5000000000000000E-01 3.0000000000000004E-01 2.4596721237594030E-01 -2.3787306915037629E+01 -1.0377882230445010E+00
7.5000000000000000E-01 3.5000000000000003E-01 5.8190629481725487E-01 1.1596517639128621E+02 -5.8759910272538585E-01
7.5000000000000000E-01 4.0000000000000002E-01 1.2384195630981460E+00 1.2026832332935750E+02 -2.6437414317965280E-01
7.5000000000000000E-01 4.5000000000000001E-01 2.2486454295868019E+00 2.0401782815304010E+01 -4.4314053111863233E-02
7.5000000000000000E-01 5.0000000000000000E-01 3.4257708321868630E+00 -1.1073499148166040E+02 1.0313795999419330E-01
7.5000000000000000E-01 5.5000000000000004E-01 4.5145637044818194E+00 -2.1129486154180381E+02 2.0652795593388940E-01
7.5000000000000000E-01 6.0000000000000009E-01 5.3090947682784284E+00 -2.5586287399988419E+02 2.8716566429873258E-01
7.5000000000000000E-01 6.5000000000000002E-01 5.6990522946451954E+00 -2.5498113917490139E+02 3.5753852052086460E-01
7.5000000000000000E-01 7.0000000000000007E-01 5.6532405291996959E+00 -2.3334184855931341E+02 4.2335303934145507E-01
7.5000000000000000E-01 7.5000000000000000E-01 5.1799663611953832E+00 -2.0333999337026970E+02 4.8560650954465640E-01
7.5000000000000000E-01 8.0000000000000004E-01 4.3107613715852358E+00 -1.5724147070997330E+02 5.4205130184645878E-01
7.5000000000000000E-01 8.5000000000000009E-01 3.1216109672825270E+00 -7.7401125839968969E+01 5.8859682116277023E-01
7.5000000000000000E-01 9.0000000000000002E-01 1.7758255696590299E+00 5.4045697977587608E+01 6.2099280154519643E-01
7.5000000000000000E-01 9.5000000000000007E-01 5.7415495872812194E-01 2.5683802261212310E+02 6.3740686399657875E-01
7.5000000000000000E-01 1.0000000000000000E+00 2.1633221472874831E-18 5.6056732930209705E+02 6.4287821814703949E-01
8.0000000000000004E-01 0.0000000000000000E+00 -1.6940658945086011E-21 1.8257646815983859E+04 -2.4630038933464750E+01
8.0000000000000004E-01 5.0000000000000003E-02 9.4411708866831656E+00 -1.3856484179213250E+04 -1.9016675295752130E+01
8.0000000000000004E-01 1.0000000000000001E-01 -1.8103739640890220E+00 3.4981545663145148E+03 -2.1765843826142781E+00
8.0000000000000004E-01 1.5000000000000002E-01 -3.1997538169859530E+00 1.6620710961816161E+02 -2.9482423721357840E+00
8.0000000000000004E-01 2.0000000000000001E-01 -1.5182215164122210E+00 -6.3063631997814309E+02 -2.2909528998427429E+00
8.0000000000000004E-01 2.5000000000000000E-01 -3.6781657521456829E-01 -5.1465299870264437E+02 -1.6427711291893301E+00
8.0000000000000004E-01 3.0000000000000004E-01 -2.4000629021740189E-02 -1.0646354755007710E+02 -1.0259591560068479E+00
8.0000000000000004E-01 3.5000000000000003E-01 2.6818719848257089E-01 1.0013530898524429E+02 -5.5682857841329059E-01
8.0000000000000004E-01 4.0000000000000002E-01 9.2833557095214703E-01 9.5494338328052621E+01 -2.3018257018750851E-01
8.0000000000000004E-01 4.5000000000000001E-01 1.9613622268352000E+00 -3.0293159929474619E+01 -1.4816200018619960E-02
8.0000000000000004E-01 5.0000000000000000E-01 3.1539090965326482E+00 -1.8387447992185889E+02 1.2422114719492081E-01
8.0000000000000004E-01 5.5000000000000004E-01 4.2531106286438076E+00 -3.0402411241528779E+02 2.2012392191025260E-01
8.0000000000000004E-01 6.0000000000000009E-01 5.0612524367453107E+00 -3.6241825951469548E+02 2.9563894741979119E-01
8.0000000000000004E-01 6.5000000000000002E-01 5.4694978055121251E+00 -3.6096555602427168E+02 3.6178993337252002E-01
8.0000000000000004E-01 7.0000000000000007E-01 5.4488383830914993E+00 -3.2240677504328738E+02 4.2285092852012318E-01
8.0000000000000004E-01 7.5000000000000000E-01 5.0154038018204030E+00 -2.6788462008717971E+02 4.7967850737276041E-01
8.0000000000000004E-01 8.0000000000000004E-01 4.2063011116829552E+00 -2.0164534386125089E+02 5.3078532823854752E-01
8.0000000000000004E-01 8.5000000000000009E-01 3.0885877531012209E+00 -1.1177009655327640E+02 5.7296078274432516E-01
8.0000000000000004E-01 9.0000000000000002E-01 1.7986794401688071E+00 2.3517202863662721E+01 6.0228658085764220E-01
8.0000000000000004E-01 9.5000000000000007E-01 6.0642329016032070E-01 2.3922202869891680E+02 6.1653285284921333E-01
8.0000000000000004E-01 1.0000000000000000E+00 -4.1674021004911581E-19 6.0809734590345181E+02 6.2128161017973693E-01
8.5000000000000009E-01 0.0000000000000000E+00 2.5241581828178150E-19 -1.8541217582822940E+03 -6.5646780125655226E+01
8.5000000000000009E-01 5.0000000000000003E-02 9.3496883254239027E-01 5.9521686477921439E+03 -5.1175295666328687E+01
8.5000000000000009E-01 1.0000000000000001E-01 -6.1626356180367781E+00 5.8433714066531320E+03 -7.7608422883490604E+00
8.5000000000000009E-01 1.5000000000000002E-01 -6.6915867321162930E+00 3.8064813730672372E+03 -1.8525688048314370E+00
8.5000000000000009E-01 2.0000000000000001E-01 -2.8284226525134710E+00 -4.6686447570703280E+02 -2.6958160860602471E+00
8.5000000000000009E-01 2.5000000000000000E-01 -9.8780133816118787E-01 -5.4840402054249569E+02 -1.8550919676797171E+00
8.5000000000000009E-01 3.0000000000000004E-01 -5.1283254804367795E-01 -8.3412806476558742E+01 -1.0595611632967910E+00
8.5000000000000009E-01 3.5000000000000003E-01 -1.8101415274106811E-01 1.3031547264275281E+02 -5.4203162366103563E-01
8.5000000000000009E-01 4.0000000000000002E-01 4.7980628356796001E-01 1.0549755311357890E+02 -2.0920013528028020E-01
8.5000000000000009E-01 4.5000000000000001E-01 1.4484787724461641E+00 -3.1179955395809220E+01 -2.0731326764593860E-03
8.5000000000000009E-01 5.0000000000000000E-01 2.5330954923136528E+00 -1.8607742508344521E+02 1.2458642313686950E-01
8.5000000000000009E-01 5.5000000000000004E-01 3.5411860210625918E+00 -3.2202603240984081E+02 2.1080038398314929E-01
8.5000000000000009E-01 6.0000000000000009E-01 4.3204962149053898E+00 -4.1762986188884531E+02 2.8094421837462608E-01
8.5000000000000009E-01 6.5000000000000002E-01 4.7701168843754207E+00 -4.5821825869832583E+02 3.4415028128521979E-01
8.5000000000000009E-01 7.0000000000000007E-01 4.8461979098361603E+00 -4.4645032923773852E+02 4.0257982339869869E-01
8.5000000000000009E-01 7.5000000000000000E-01 4.5479806839824812E+00 -3.9575521180690589E+02 4.5615908911249542E-01
8.5000000000000009E-01 8.0000000000000004E-01 3.8992953359454181E+00 -3.1721135578551599E+02 5.0357713095675727E-01
8.5000000000000009E-01 8.5000000000000009E-01 2.9477969562891708E+00 -2.1183817669841250E+02 5.4223864703133495E-01
8.5000000000000009E-01 9.0000000000000002E-01 1.7922003754590301E+00 -6.4217743005763836E+01 5.6844619487004155E-01
8.5000000000000009E-01 9.5000000000000007E-01 6.5091385131507562E-01 1.7986280617502601E+02 5.7946710027171233E-01
8.5000000000000009E-01 1.0000000000000000E+00 -9.4528876913579918E-19 6.9116566078213862E+02 5.8314073540560252E-01
9.0000000000000002E-01 0.0000000000000000E+00 1.3721933745519670E-19 3.6730852291630203E+04 -8.0940718297304635E+00
9.0000000000000002E-01 5.0000000000000003E-02 1.5341762124474659E+01 -3.6641476581849493E+04 -4.4605564643931004E+00
9.0000000000000002E-01 1.0000000000000001E-01 -5.1972717852013854E+00 8.8949827177795905E+03 6.4399896316189906E+00
9.0000000000000002E-01 1.5000000000000002E-01 -5.9630014318217954E+00 2.8507648812197640E+03 -3.9633008566634992E-01
9.0000000000000002E-01 2.0000000000000001E-01 -2.8477395671872112E+00 -3.8656860266198072E+02 -3.3985390196952161E+00
9.0000000000000002E-01 2.5000000000000000E-01 -1.5559427683934151E+00 -1.1356375336691811E+02 -2.2040925485840939E+00
9.0000000000000002E-01 3.0000000000000004E-01 -1.0903451906742450E+00 2.1237256214142860E+02 -1.1428197170051151E+00
9.0000000000000002E-01 3.5000000000000003E-01 -6.4625573609600373E-01 2.7072700215062179E+02 -5.4217394937235708E-01
9.0000000000000002E-01 4.0000000000000002E-01 -8.7368421123397780E-03 1.7105674731588351E+02 -2.0006057534626881E-01
9.0000000000000002E-01 4.5000000000000001E-01 7.6029935892907785E-01 4.6234403613961717E+01 -9.3636736570612972E-03
9.0000000000000002E-01 5.0000000000000000E-01 1.5525539571570901E+00 -5.7523815501430200E+01 9.6745616825423195E-02
9.0000000000000002E-01 5.5000000000000004E-01 2.2905353261340520E+00 -1.5901969653524881E+02 1.6604932147276630E-01
9.0000000000000002E-01 6.0000000000000009E-01 2.9072373437130170E+00 -2.6705735529105829E+02 2.2386157855564820E-01
9.0000000000000002E-01 6.5000000000000002E-01 3.3369102671468971E+00 -3.6623846778659100E+02 2.7836717619566259E-01
9.0000000000000002E-01 7.0000000000000007E-01 3.5294330461234220E+00 -4.3829755585340041E+02 3.3068129474417990E-01
9.0000000000000002E-01 7.5000000000000000E-01 3.4563218571302898E+00 -4.7125491628434099E+02 3.8000481850705792E-01
9.0000000000000002E-01 8.0000000000000004E-01 3.1058701948327370E+00 -4.5753285572192959E+02 4.2470834303179550E-01
9.0000000000000002E-01 8.5000000000000009E-01 2.4815722992567930E+00 -3.8907105731265511E+02 4.6199282580328033E-01
9.0000000000000002E-01 9.0000000000000002E-01 1.6193807849386901E+00 -2.4694688047124669E+02 4.8729558088173180E-01
9.0000000000000002E-01 9.5000000000000007E-01 6.5468876847934010E-01 4.1320131418080592E+01 4.9585718212269242E-01
9.0000000000000002E-01 1.0000000000000000E+00 1.2874900798265370E-19 7.6496690132275933E+02 4.9871104920301251E-01
9.5000000000000007E-01 0.0000000000000000E+00 1.9989977555201490E-19 -5.3753249636672183E+04 -1.1613351120026500E+01
9.5000000000000007E-01 5.0000000000000003E-02 -2.5974342734068770E+01 4.5168078569408950E+04 -1.2377256596921139E+01
9.5000000000000007E-01 1.0000000000000001E-01 -6.3189332719434210E+00 -3.0054900338469752E+03 -1.4668973027605061E+01
9.5000000000000007E-01 1.5000000000000002E-01 -1.6178438770474231E+00 -2.9419586231865178E+03 -8.5436457595468145E+00
9.5000000000000007E-01 2.0000000000000001E-01 -1.5443375815837701E+00 6.1547375683013257E+01 -4.6569866940109268E+00
9.5000000000000007E-01 2.5000000000000000E-01 -1.5578984383072749E+00 7.9028747314517148E+02 -2.2709248255079961E+00
9.5000000000000007E-01 3.0000000000000004E-01 -1.1555946615079811E+00 5.2216771371504910E+02 -1.0234215507739359E+00
9.5000000000000007E-01 3.5000000000000003E-01 -6.6871569385825513E-01 2.6161589035213370E+02 -4.3298959340271642E-01
9.5000000000000007E-01 4.0000000000000002E-01 -2.1897263245679899E-01 1.4772272570313311E+02 -1.5262687626347329E-01
9.5000000000000007E-01 4.5000000000000001E-01 1.7086883140743270E-01 1.4656679779541341E+02 -1.8544040759628191E-02
9.5000000000000007E-01 5.0000000000000000E-01 5.0856560456606292E-01 2.0056943298286339E+02 4.7980806143351679E-02
9.5000000000000007E-01 5.5000000000000004E-01 8.1226322710047461E-01 2.5498645717824289E+02 8.7914150924704740E-02
9.5000000000000007E-01 6.0000000000000009E-01 1.0874181396453610E+00 2.7631170338709131E+02 1.2026412177008761E-01
9.5000000000000007E-01 6.5000000000000002E-01 1.3209512668225070E+00 2.5241235517237880E+02 1.5152020822424150E-01
9.5000000000000007E-01 7.0000000000000007E-01 1.4905075672349020E+00 1.8391678930033800E+02 1.8309009368103829E-01
9.5000000000000007E-01 7.5000000000000000E-01 1.5714379429473930E+00 7.9088775539847603E+01 2.1492284552491930E-01
9.5000000000000007E-01 8.0000000000000004E-01 1.5366442921665719E+00 -4.6381678724366587E+01 2.4633276100975471E-01
9.5000000000000007E-01 8.5000000000000009E-01 1.3533148306195359E+00 -1.6292691243443011E+02 2.7550224289821312E-01
9.5000000000000007E-01 9.0000000000000002E-01 9.8772543782970146E-01 -2.1057814031355991E+02 2.9814209166659927E-01
9.5000000000000007E-01 9.5000000000000007E-01 4.5176076928738601E-01 -6.5851546373671923E+01 3.0713382238046127E-01
9.5000000000000007E-01 1.0000000000000000E+00 2.9476746564449652E-19 5.7503900330008753E+02 3.1013106595174872E-01
1.0000000000000000E+00 0.0000000000000000E+00 -5.7598240413292423E-20 -5.3753258925824419E+04 -5.8066755600132520E+00
1.0000000000000000E+00 5.0000000000000003E-02 2.0498197323554071E-19 -5.3753268214977317E+04 0.0000000000000000E+00
1.0000000000000000E+00 1.0000000000000001E-01 9.3173624197973037E-20 -6.0799792030810568E+03 0.0000000000000000E+00
1.0000000000000000E+00 1.5000000000000002E-01 2.0837010502455791E-19 -4.7043444017762562E+02 0.0000000000000000E+00
1.0000000000000000E+00 2.0000000000000001E-01 1.8295911660692890E-19 -1.8839798351089760E+03 0.0000000000000000E+00
1.0000000000000000E+00 2.5000000000000000E-01 -2.1684043449710089E-19 -2.2646229211227728E+03 0.0000000000000000E+00
1.0000000000000000E+00 3.0000000000000004E-01 0.0000000000000000E+00 -1.6477982358858610E+03 0.0000000000000000E+00
1.0000000000000000E+00 3.5000000000000003E-01 1.3044307387716230E-19 -9.3326723219376572E+02 0.0000000000000000E+00
1.0000000000000000E+00 4.0000000000000002E-01 3.4728350837426309E-19 -3.3662867059014951E+02 0.0000000000000000E+00
1.0000000000000000E+00 4.5000000000000001E-01 1.0333801956502461E-19 1.3175931489542791E+02 0.0000000000000000E+00
1.0000000000000000E+00 5.0000000000000000E-01 -1.8634724839594610E-19 5.0999435455473338E+02 0.0000000000000000E+00
1.0000000000000000E+00 5.5000000000000004E-01 -6.7762635780344027E-21 8.4722319585881883E+02 0.0000000000000000E+00
1.0000000000000000E+00 6.0000000000000009E-01 -4.7433845046240819E-20 1.1667466547741631E+03 0.0000000000000000E+00
1.0000000000000000E+00 6.5000000000000002E-01 6.9456701674852628E-20 1.4589362401782701E+03 0.0000000000000000E+00
1.0000000000000000E+00 7.0000000000000007E-01 -8.1315162936412833E-20 1.6966516988215251E+03 0.0000000000000000E+00
1.0000000000000000E+00 7.5000000000000000E-01 2.0328790734103211E-20 1.8461822115484060E+03 0.0000000000000000E+00
1.0000000000000000E+00 8.0000000000000004E-01 5.4210108624275222E-20 1.8671650341014770E+03 0.0000000000000000E+00
1.0000000000000000E+00 8.5000000000000009E-01 2.8799120206646212E-19 1.7054421725289340E+03 0.0000000000000000E+00
1.0000000000000000E+00 9.0000000000000002E-01 -1.4568966692773971E-19 1.2905602667051769E+03 0.0000000000000000E+00
1.0000000000000000E+00 9.5000000000000007E-01 1.6940658945086011E-21 5.7503900330008753E+02 0.0000000000000000E+00
1.0000000000000000E+00 1.0000000000000000E+00 -1.6940658945086010E-20 5.7503900330008753E+02 1.5506553297587430E-01
