# x y stream-function vorticity temperature
# Unflattened from original Fortran order: Do I=1,NQ; Do j=1,NX+2; Do k=1,NY+2
# NQ=3, NX=19, NY=19, total_nodes_x=21, total_nodes_y=21
0.0000000000000000E+00 0.0000000000000000E+00 1.1519648082658480E-19 4.8308077215198347E+04 -3.9147372322759471E+00
0.0000000000000000E+00 5.0000000000000003E-02 2.3716922523120409E-20 4.8308077215198347E+04 1.0000000000000000E+00
0.0000000000000000E+00 1.0000000000000001E-01 1.1350241493207620E-19 8.6415441898160589E+03 1.0000000000000000E+00
0.0000000000000000E+00 1.5000000000000002E-01 1.0164395367051600E-20 1.3887456237245181E+03 1.0000000000000000E+00
0.0000000000000000E+00 2.0000000000000001E-01 4.4045713257223618E-20 1.6475755589591370E+03 1.0000000000000000E+00
0.0000000000000000E+00 2.5000000000000000E-01 -3.5744790374131469E-19 2.9745854705645479E+03 1.0000000000000000E+00
0.0000000000000000E+00 3.0000000000000004E-01 1.6432439176733429E-19 3.3067481991899931E+03 1.0000000000000000E+00
0.0000000000000000E+00 3.5000000000000003E-01 8.3009228830921433E-20 3.1925433404148748E+03 1.0000000000000000E+00
0.0000000000000000E+00 4.0000000000000002E-01 -8.8091426514447235E-20 3.0531236501923968E+03 1.0000000000000000E+00
0.0000000000000000E+00 4.5000000000000001E-01 6.7762635780344027E-20 2.9470225623496758E+03 1.0000000000000000E+00
0.0000000000000000E+00 5.0000000000000000E-01 -6.6237976475286287E-19 2.8431975422601472E+03 1.0000000000000000E+00
0.0000000000000000E+00 5.5000000000000004E-01 1.0791199748019790E-18 2.7158583626481109E+03 1.0000000000000000E+00
0.0000000000000000E+00 6.0000000000000009E-01 -2.1751806085490429E-18 2.5507033597702898E+03 1.0000000000000000E+00
0.0000000000000000E+00 6.5000000000000002E-01 1.0147454708106520E-18 2.3371331985757261E+03 1.0000000000000000E+00
0.0000000000000000E+00 7.0000000000000007E-01 -7.0303734622106928E-19 2.0662917485176731E+03 1.0000000000000000E+00
0.0000000000000000E+00 7.5000000000000000E-01 -1.1180834903756760E-19 1.7361376774798141E+03 1.0000000000000000E+00
0.0000000000000000E+00 8.0000000000000004E-01 1.0723437112239440E-18 1.3590900072980810E+03 1.0000000000000000E+00
0.0000000000000000E+00 8.5000000000000009E-01 -1.1451885446878141E-18 9.6343209570909380E+02 1.0000000000000000E+00
0.0000000000000000E+00 9.0000000000000002E-01 1.3383120566617949E-18 5.7935322935551460E+02 1.0000000000000000E+00
0.0000000000000000E+00 9.5000000000000007E-01 -5.3075084474954459E-18 2.0849340761953471E+02 1.0000000000000000E+00
0.0000000000000000E+00 1.0000000000000000E+00 -3.4186249751183562E-18 2.0849348561580439E+02 9.7471337229677613E-01
5.0000000000000003E-02 0.0000000000000000E+00 1.5924219408380851E-19 4.8308077215198347E+04 -8.8294744645518950E+00
5.0000000000000003E-02 5.0000000000000003E-02 2.3487113380813032E+01 -4.0247083996374589E+04 -9.0680595441385474E+00
5.0000000000000003E-02 1.0000000000000001E-01 7.5763550700153370E+00 9.0016324650156537E+02 -9.7838147828985029E+00
5.0000000000000003E-02 1.5000000000000002E-01 2.5424993353530261E+00 3.3245069755445061E+03 -6.4000454133295808E+00
5.0000000000000003E-02 2.0000000000000001E-01 1.8347197781640570E+00 1.1081762184460861E+03 -3.7145321499164661E+00
5.0000000000000003E-02 2.5000000000000000E-01 2.2402445474450059E+00 -5.7258418749584632E+02 -2.0774843616527070E+00
5.0000000000000003E-02 3.0000000000000004E-01 2.3981351305969429E+00 -8.5797225647531172E+02 -9.6180203594800961E-01
5.0000000000000003E-02 3.5000000000000003E-01 2.3728177995609752E+00 -6.9032413160056024E+02 -3.1025107618535569E-01
5.0000000000000003E-02 4.0000000000000002E-01 2.3385586851595108E+00 -4.9370662326871451E+02 5.3907661425316791E-02
5.0000000000000003E-02 4.5000000000000001E-01 2.3203059706840561E+00 -3.2531096101882957E+02 2.7055230557979337E-01
5.0000000000000003E-02 5.0000000000000000E-01 2.2952889122163560E+00 -1.7770185937289000E+02 4.1255699826051312E-01
5.0000000000000003E-02 5.5000000000000004E-01 2.2440667419518028E+00 -4.5956705120051282E+01 5.1454192451930669E-01
5.0000000000000003E-02 6.0000000000000009E-01 2.1547848070781628E+00 7.0076663324797380E+01 5.9366998158811135E-01
5.0000000000000003E-02 6.5000000000000002E-01 2.0178422431423479E+00 1.6855484206286440E+02 6.5933114875899124E-01
5.0000000000000003E-02 7.0000000000000007E-01 1.8241254871831569E+00 2.4531754173260640E+02 7.1712444152336585E-01
5.0000000000000003E-02 7.5000000000000000E-01 1.5686315301980240E+00 2.9244020531836179E+02 7.7043643071869361E-01
5.0000000000000003E-02 8.0000000000000004E-01 1.2571407002679951E+00 2.9895757612931919E+02 8.2109124325828864E-01
5.0000000000000003E-02 8.5000000000000009E-01 9.0975729765511448E-01 2.5655325788317492E+02 8.6930410640315170E-01
5.0000000000000003E-02 9.0000000000000002E-01 5.5441154721210240E-01 1.7188121494341311E+02 9.1175514144382652E-01
5.0000000000000003E-02 9.5000000000000007E-01 2.1809328980370121E-01 1.0643706469056610E+02 9.4000884380612082E-01
5.0000000000000003E-02 1.0000000000000000E+00 -1.6500201812513771E-18 2.0849356361207421E+02 9.4942674459355225E-01
1.0000000000000001E-01 0.0000000000000000E+00 -5.0821976835258020E-20 -3.4291036518537847E+04 -8.1683662386775460E+00
1.0000000000000001E-01 5.0000000000000003E-02 -1.4245614536341019E+01 3.4392599168782966E+04 -4.6184032894106997E+00
1.0000000000000001E-01 1.0000000000000001E-01 6.5262157472165958E+00 -8.6754181954677479E+03 6.0314855583898384E+00
1.0000000000000001E-01 1.5000000000000002E-01 9.0701901797890425E+00 -5.4998103283376677E+03 1.7796070465087570E+00
1.0000000000000001E-01 2.0000000000000001E-01 5.3265758585389724E+00 -5.1649446117884690E+02 -1.8390127906817870E+00
1.0000000000000001E-01 2.5000000000000000E-01 3.2966627696185600E+00 1.1834206652141920E+02 -1.9494554236186421E+00
1.0000000000000001E-01 3.0000000000000004E-01 2.8345474702695959E+00 -9.3095485928553884E+01 -1.1363406397207261E+00
1.0000000000000001E-01 3.5000000000000003E-01 3.0287670020528878E+00 -3.1355964262670182E+02 -5.8766985812010286E-01
1.0000000000000001E-01 4.0000000000000002E-01 3.4268443754372182E+00 -4.7250717744380950E+02 -2.6367941244942339E-01
1.0000000000000001E-01 4.5000000000000001E-01 3.8340988585757270E+00 -5.6882905167080060E+02 -5.1859615805458018E-02
1.0000000000000001E-01 5.0000000000000000E-01 4.1725282745575196E+00 -6.1701691674102540E+02 1.0254177821172160E-01
1.0000000000000001E-01 5.5000000000000004E-01 4.4113014822885228E+00 -6.3070994658746224E+02 2.2443416528675031E-01
1.0000000000000001E-01 6.0000000000000009E-01 4.5324219067516127E+00 -6.1882676233433642E+02 3.2679441713042823E-01
1.0000000000000001E-01 6.5000000000000002E-01 4.5138457960235456E+00 -5.8517983264584484E+02 4.1770876470870388E-01
1.0000000000000001E-01 7.0000000000000007E-01 4.3233220480013550E+00 -5.2853068118492797E+02 5.0300195372775269E-01
1.0000000000000001E-01 7.5000000000000000E-01 3.9243604684253430E+00 -4.4451197058485610E+02 5.8698795290327332E-01
1.0000000000000001E-01 8.0000000000000004E-01 3.2975679358162142E+00 -3.3299146648282039E+02 6.7212267499801992E-01
1.0000000000000001E-01 8.5000000000000009E-01 2.4688601069630050E+00 -2.0872291434542041E+02 7.5777441646135391E-01
1.0000000000000001E-01 9.0000000000000002E-01 1.5194986515542750E+00 -9.2999718153319833E+01 8.3625188436748565E-01
1.0000000000000001E-01 9.5000000000000007E-01 5.8405428165929674E-01 1.0077870116462360E+02 8.8896416755011520E-01
1.0000000000000001E-01 1.0000000000000000E+00 -1.7381116077658239E-18 6.5047618426977988E+02 9.0653492861099172E-01
1.5000000000000002E-01 0.0000000000000000E+00 -1.0164395367051600E-20 1.2224610723019971E+03 -5.3498525524087917E+01
1.5000000000000002E-01 5.0000000000000003E-02 -1.0142867889879590E+00 -4.8792103656276531E+03 -4.1436644130505456E+01
1.5000000000000002E-01 1.0000000000000001E-01 6.2693237753294113E+00 -4.2077749171274863E+03 -5.2509999497580822E+00
1.5000000000000002E-01 1.5000000000000002E-01 8.8747450549036095E+00 -4.6357076631605350E+03 -1.2212139544828580E+00
1.5000000000000002E-01 2.0000000000000001E-01 5.6153193391517497E+00 -5.1488887262269930E+02 -1.6111107111392740E+00
1.5000000000000002E-01 2.5000000000000000E-01 3.0809999824208711E+00 5.5988554532465582E+02 -1.5385474616689081E+00
1.5000000000000002E-01 3.0000000000000004E-01 2.3987027529729401E+00 4.0202402206066489E+02 -9.7633506555119320E-01
1.5000000000000002E-01 3.5000000000000003E-01 2.7286615492053579E+00 1.1570817682663890E+02 -5.6605931643543472E-01
1.5000000000000002E-01 4.0000000000000002E-01 3.3954495684237731E+00 -7.3653477371415775E+01 -2.9862316447839771E-01
1.5000000000000002E-01 4.5000000000000001E-01 4.1021385069953453E+00 -1.9195238886497381E+02 -1.1109474254254890E-01
1.5000000000000002E-01 5.0000000000000000E-01 4.7411048417133781E+00 -2.7682304892423201E+02 3.0968608835091990E-02
1.5000000000000002E-01 5.5000000000000004E-01 5.2696039926575606E+00 -3.4711989536828469E+02 1.4576591139447670E-01
1.5000000000000002E-01 6.0000000000000009E-01 5.6587198575870001E+00 -4.1100449888338449E+02 2.4397908459711770E-01
1.5000000000000002E-01 6.5000000000000002E-01 5.8713926606486737E+00 -4.7069332109097570E+02 3.3274562891617782E-01
1.5000000000000002E-01 7.0000000000000007E-01 5.8500107350445614E+00 -5.2029134211219025E+02 4.1777529584980211E-01
1.5000000000000002E-01 7.5000000000000000E-01 5.5165089028487584E+00 -5.4075787416151195E+02 5.0434650162874850E-01
1.5000000000000002E-01 8.0000000000000004E-01 4.7993082995967153E+00 -5.0313513197173489E+02 5.9667625973590988E-01
1.5000000000000002E-01 8.5000000000000009E-01 3.6887813363189101E+00 -3.9039680418514968E+02 6.9473916883950282E-01
1.5000000000000002E-01 9.0000000000000002E-01 2.2873056818154729E+00 -2.0323392928960979E+02 7.8752581010858347E-01
1.5000000000000002E-01 9.5000000000000007E-01 8.5057194569936845E-01 1.6284996532406490E+02 8.4997107932532812E-01
1.5000000000000002E-01 1.0000000000000000E+00 2.4462311516704190E-18 9.3926193013509578E+02 8.7078616906424300E-01
2.0000000000000001E-01 0.0000000000000000E+00 -1.8634724839594610E-20 -1.6051367638098820E+04 -1.8945091131764009E+01
2.0000000000000001E-01 5.0000000000000003E-02 -8.2788826725388613E+00 1.2233417454256220E+04 -1.4663945911339090E+01
2.0000000000000001E-01 1.0000000000000001E-01 2.0871047496103059E+00 -3.1276304478726329E+03 -1.8205102500643191E+00
2.0000000000000001E-01 1.5000000000000002E-01 4.0524316829188081E+00 6.5621144969971624E+02 -2.2778913776389058E+00
2.0000000000000001E-01 2.0000000000000001E-01 3.6097926348974410E+00 1.1968767698952799E+01 -1.4521319984397640E+00
2.0000000000000001E-01 2.5000000000000000E-01 2.2689002783869650E+00 6.2955819783073753E+02 -1.2401970780878611E+00
2.0000000000000001E-01 3.0000000000000004E-01 1.9228786947997949E+00 4.2751586597749002E+02 -8.6683880082896114E-01
2.0000000000000001E-01 3.5000000000000003E-01 2.3559469193480211E+00 1.8193160619136879E+02 -5.4370918424697445E-01
2.0000000000000001E-01 4.0000000000000002E-01 3.1074633020988012E+00 4.2223338734092863E+01 -2.9872392797747638E-01
2.0000000000000001E-01 4.5000000000000001E-01 3.9279461025980029E+00 -3.3934078560574569E+01 -1.1475203852271600E-01
2.0000000000000001E-01 5.0000000000000000E-01 4.7082508149506337E+00 -8.6506236037350661E+01 2.7462608065369671E-02
2.0000000000000001E-01 5.5000000000000004E-01 5.3932000243078333E+00 -1.3477206272009769E+02 1.4262313712457891E-01
2.0000000000000001E-01 6.0000000000000009E-01 5.9420697832844258E+00 -1.8921328657410459E+02 2.4068378801094109E-01
2.0000000000000001E-01 6.5000000000000002E-01 6.3086475271440872E+00 -2.5717420759378888E+02 3.2826338188155157E-01
2.0000000000000001E-01 7.0000000000000007E-01 6.4240879722677127E+00 -3.3897803026647563E+02 4.1047497811394790E-01
2.0000000000000001E-01 7.5000000000000000E-01 6.1875121762928593E+00 -4.1678252220396871E+02 4.9257279937064757E-01
2.0000000000000001E-01 8.0000000000000004E-01 5.4875606477226198E+00 -4.4880591843819201E+02 5.7989253484398418E-01
2.0000000000000001E-01 8.5000000000000009E-01 4.2713499906227312E+00 -3.8635348101149498E+02 6.7361922832633547E-01
2.0000000000000001E-01 9.0000000000000002E-01 2.6366104810731539E+00 -1.8594578149888599E+02 7.6236359960930444E-01
2.0000000000000001E-01 9.5000000000000007E-01 9.3805274476613365E-01 2.5101344973061290E+02 8.2126385025014470E-01
2.0000000000000001E-01 1.0000000000000000E+00 -2.1684043449710089E-18 1.0001572062545520E+03 8.4089726713042490E-01
2.5000000000000000E-01 0.0000000000000000E+00 -4.7433845046240819E-20 -4.8180735234038557E+03 -2.3622778241714581E+01
2.5000000000000000E-01 5.0000000000000003E-02 -3.6048041036766039E+00 9.8461745581953426E+02 -1.9164824228312781E+01
2.5000000000000000E-01 1.0000000000000001E-01 4.6261055081780311E-01 -1.6008865738727991E+03 -5.7909621881073949E+00
2.5000000000000000E-01 1.5000000000000002E-01 2.0935578514837032E+00 -3.7684227290554031E+02 -2.5481651440706230E+00
2.5000000000000000E-01 2.0000000000000001E-01 2.2985764756303828E+00 -1.0226526024091380E+02 -1.5455367401132680E+00
2.5000000000000000E-01 2.5000000000000000E-01 1.7731452849608540E+00 2.8845849058387171E+02 -1.1577187073451161E+00
2.5000000000000000E-01 3.0000000000000004E-01 1.6816129093235901E+00 2.5801649944877141E+02 -8.2932967820399317E-01
2.5000000000000000E-01 3.5000000000000003E-01 2.1149652352129400E+00 1.4591864837053430E+02 -5.3701283958834023E-01
2.5000000000000000E-01 4.0000000000000002E-01 2.8459877415092030E+00 6.3611379453238861E+01 -2.9957605861934111E-01
2.5000000000000000E-01 4.5000000000000001E-01 3.6892798462744270E+00 8.8366450887227384E+00 -1.1456018152717980E-01
2.5000000000000000E-01 5.0000000000000000E-01 4.5292883007731497E+00 -3.1884813635839389E+01 3.1010279467101550E-02
2.5000000000000000E-01 5.5000000000000004E-01 5.2889789966962288E+00 -6.6801564802618813E+01 1.5009028618532921E-01
2.5000000000000000E-01 6.0000000000000009E-01 5.9088569883884308E+00 -1.0324086532919119E+02 2.5213932811563428E-01
2.5000000000000000E-01 6.5000000000000002E-01 6.3328679287799767E+00 -1.5093324587052589E+02 3.4317135141687027E-01
2.5000000000000000E-01 7.0000000000000007E-01 6.4909283217658418E+00 -2.1777587067035830E+02 4.2712701195440922E-01
2.5000000000000000E-01 7.5000000000000000E-01 6.2824638799811847E+00 -2.9550950680783751E+02 5.0779204398999767E-01
2.5000000000000000E-01 8.0000000000000004E-01 5.5878004793630129E+00 -3.4542001623003682E+02 5.8953502148511761E-01
2.5000000000000000E-01 8.5000000000000009E-01 4.3373714132254113E+00 -3.0441633479310678E+02 6.7355432823059258E-01
2.5000000000000000E-01 9.0000000000000002E-01 2.6323559389876969E+00 -1.0394699682722499E+02 7.5004266142146736E-01
2.5000000000000000E-01 9.5000000000000007E-01 8.9256219532050374E-01 3.1690702687480638E+02 7.9914712307921199E-01
2.5000000000000000E-01 1.0000000000000000E+00 9.0090424269967384E-18 9.1262172743717849E+02 8.1551527696512693E-01
3.0000000000000004E-01 0.0000000000000000E+00 1.3552527156068810E-19 -6.5651451532688352E+03 -1.7093780729675601E+01
3.0000000000000004E-01 5.0000000000000003E-02 -4.1414005800768043E+00 3.1909292105693862E+03 -1.4191540593674320E+01
3.0000000000000004E-01 1.0000000000000001E-01 -1.4456437417993431E+00 1.2752393224774750E+02 -5.4848201856704746E+00
3.0000000000000004E-01 1.5000000000000002E-01 7.5075181586502326E-01 -5.4032155629816816E+02 -2.7962969893735510E+00
3.0000000000000004E-01 2.0000000000000001E-01 1.4804639789415039E+00 -2.9869720090223711E+02 -1.6864060325818111E+00
3.0000000000000004E-01 2.5000000000000000E-01 1.4632609803690100E+00 9.9814033875757620E+00 -1.1697200029862691E+00
3.0000000000000004E-01 3.0000000000000004E-01 1.5326043036970780E+00 1.1570386167920780E+02 -8.1710397531942469E-01
3.0000000000000004E-01 3.5000000000000003E-01 1.9431236087505881E+00 1.0770326703431630E+02 -5.2971151706657982E-01
3.0000000000000004E-01 4.0000000000000002E-01 2.6328130991748790E+00 6.6733640415661554E+01 -2.9730357750440028E-01
3.0000000000000004E-01 4.5000000000000001E-01 3.4721299541522139E+00 2.1391014881859501E+01 -1.1358938163816480E-01
3.0000000000000004E-01 5.0000000000000000E-01 4.3427052117622331E+00 -2.0811188149799790E+01 3.3129768895955973E-02
3.0000000000000004E-01 5.5000000000000004E-01 5.1457228330195122E+00 -5.7544285957934306E+01 1.5476000902179099E-01
3.0000000000000004E-01 6.0000000000000009E-01 5.7982414341951154E+00 -8.9439587392829893E+01 2.6034810674214348E-01
3.0000000000000004E-01 6.5000000000000002E-01 6.2285103521685112E+00 -1.2248641916657751E+02 3.5551286026443951E-01
3.0000000000000004E-01 7.0000000000000007E-01 6.3646905599506809E+00 -1.6621247893782211E+02 4.4316091357176729E-01
3.0000000000000004E-01 7.5000000000000000E-01 6.1183299201123624E+00 -2.2019709673827219E+02 5.2513044005669540E-01
3.0000000000000004E-01 8.0000000000000004E-01 5.3878078359003680E+00 -2.5464162883261929E+02 6.0348880814833095E-01
3.0000000000000004E-01 8.5000000000000009E-01 4.1203623638274118E+00 -2.0822618454196501E+02 6.7826536585820241E-01
3.0000000000000004E-01 9.0000000000000002E-01 2.4397151466215021E+00 -1.5255464106397810E+01 7.4180374154744777E-01
3.0000000000000004E-01 9.5000000000000007E-01 7.9210768832661416E-01 3.4240505303130061E+02 7.8065095071414092E-01
3.0000000000000004E-01 1.0000000000000000E+00 4.9077088963914162E-18 7.7932723770810560E+02 7.9360002043637190E-01
3.5000000000000003E-01 0.0000000000000000E+00 -2.5410988417629010E-19 -5.1671746768106923E+03 -1.4444495282696890E+01
3.5000000000000003E-01 5.0000000000000003E-02 -3.5378312106650509E+00 1.8435547010706650E+03 -1.2374137296566911E+01
3.5000000000000003E-01 1.0000000000000001E-01 -2.2144985626508640E+00 1.0715225634701540E+02 -6.1630633381770004E+00
3.5000000000000003E-01 1.5000000000000002E-01 -3.2136039740833883E-01 -3.7155279002097848E+02 -3.0456548844895450E+00
3.5000000000000003E-01 2.0000000000000001E-01 7.0518256607959717E-01 -2.8545679007103121E+02 -1.7855200831057940E+00
3.5000000000000003E-01 2.5000000000000000E-01 1.0656151571723049E+00 -7.5738586335240910E+01 -1.1830999002648981E+00
3.5000000000000003E-01 3.0000000000000004E-01 1.3169595550548481E+00 4.9704677443792832E+01 -8.0397104179887691E-01
3.5000000000000003E-01 3.5000000000000003E-01 1.7601784881079110E+00 8.1799469267413585E+01 -5.1754970548534640E-01
3.5000000000000003E-01 4.0000000000000002E-01 2.4383870146338942E+00 6.3732326091386980E+01 -2.9089282139229361E-01
3.5000000000000003E-01 4.5000000000000001E-01 3.2776607085887379E+00 2.5393959857427131E+01 -1.1079698214329679E-01
3.5000000000000003E-01 5.0000000000000000E-01 4.1707347345187333E+00 -1.9170639828041711E+01 3.4677268691086303E-02
3.5000000000000003E-01 5.5000000000000004E-01 5.0066457781409790E+00 -6.2132414556294997E+01 1.5664222392660751E-01
3.5000000000000003E-01 6.0000000000000009E-01 5.6814005560403826E+00 -9.8211958554275910E+01 2.6375312855633759E-01
3.5000000000000003E-01 6.5000000000000002E-01 6.1041772784058743E+00 -1.2694217764838380E+02 3.6145112911532667E-01
3.5000000000000003E-01 7.0000000000000007E-01 6.1966742617438966E+00 -1.5396764102486341E+02 4.5204998401823060E-01
3.5000000000000003E-01 7.5000000000000000E-01 5.8838387852611440E+00 -1.8172159765275109E+02 5.3578924368594627E-01
3.5000000000000003E-01 8.0000000000000004E-01 5.0952399028730380E+00 -1.8992867032980431E+02 6.1230573411537348E-01
3.5000000000000003E-01 8.5000000000000009E-01 3.8162984756309788E+00 -1.2920676071371261E+02 6.8005390523851106E-01
3.5000000000000003E-01 9.0000000000000002E-01 2.2020952771614390E+00 4.9013480100574931E+01 7.3327684950278293E-01
3.5000000000000003E-01 9.5000000000000007E-01 6.9216606945386705E-01 3.3712102167037051E+02 7.6405314991924467E-01
3.5000000000000003E-01 1.0000000000000000E+00 5.3363075677020921E-19 6.6203924283161962E+02 7.7431191672473199E-01
4.0000000000000002E-01 0.0000000000000000E+00 3.5236570605778889E-19 -4.4927146101242279E+03 -1.2519360463382119E+01
4.0000000000000002E-01 5.0000000000000003E-02 -3.1865388099003442E+00 1.3377363044066401E+03 -1.0896116053050401E+01
4.0000000000000002E-01 1.0000000000000001E-01 -2.9352507187564210E+00 6.8233410708553049E+02 -6.0263828220552149E+00
4.0000000000000002E-01 1.5000000000000002E-01 -1.2974708036018361E+00 -1.4442187736282131E+02 -3.1778824479844290E+00
4.0000000000000002E-01 2.0000000000000001E-01 -7.9326232057974136E-02 -2.2558219626152879E+02 -1.8589253943434001E+00
4.0000000000000002E-01 2.5000000000000000E-01 5.7138296065334804E-01 -9.7267035014436431E+01 -1.1958189981259191E+00
4.0000000000000002E-01 3.0000000000000004E-01 1.0157829074041520E+00 1.3255933192099560E+01 -7.9305249068658823E-01
4.0000000000000002E-01 3.5000000000000003E-01 1.5391255328567199E+00 5.9281530860936762E+01 -5.0499227880800746E-01
4.0000000000000002E-01 4.0000000000000002E-01 2.2404850645491332E+00 5.6752448864587429E+01 -2.8285089078125908E-01
4.0000000000000002E-01 4.5000000000000001E-01 3.0930215937226100E+00 2.6641121480576459E+01 -1.0680847301940100E-01
4.0000000000000002E-01 5.0000000000000000E-01 4.0087307684637894E+00 -1.7461823728919821E+01 3.6206403786030891E-02
4.0000000000000002E-01 5.5000000000000004E-01 4.8742610511002074E+00 -6.5586902925949886E+01 1.5695140897444401E-01
4.0000000000000002E-01 6.0000000000000009E-01 5.5710877689152616E+00 -1.0857938619041960E+02 2.6379270766051638E-01
4.0000000000000002E-01 6.5000000000000002E-01 5.9909064954284750E+00 -1.3995594107483569E+02 3.6210298417756859E-01
4.0000000000000002E-01 7.0000000000000007E-01 6.0458893699859857E+00 -1.5909584817167240E+02 4.5396406030130149E-01
4.0000000000000002E-01 7.5000000000000000E-01 5.6705499774832449E+00 -1.6710734756065290E+02 5.3864583946463673E-01
4.0000000000000002E-01 8.0000000000000004E-01 4.8265352431422093E+00 -1.5147524537987749E+02 6.1394633829419298E-01
4.0000000000000002E-01 8.5000000000000009E-01 3.5423422357734280E+00 -7.8168195328989142E+01 6.7691985978911329E-01
4.0000000000000002E-01 9.0000000000000002E-01 2.0010771154183491E+00 8.3289075890223046E+01 7.2310839122742676E-01
4.0000000000000002E-01 9.5000000000000007E-01 6.1726389162081441E-01 3.1821094275702518E+02 7.4845402830156660E-01
4.0000000000000002E-01 1.0000000000000000E+00 6.1155778791760484E-19 5.8161161799310548E+02 7.5690257399294647E-01
4.5000000000000001E-01 0.0000000000000000E+00 -2.4563955470374710E-19 -4.0025039202437629E+03 -1.1016374692336511E+01
4.5000000000000001E-01 5.0000000000000003E-02 -2.9287324494941811E+00 9.7605017118075557E+02 -9.7509100708499670E+00
4.5000000000000001E-01 1.0000000000000001E-01 -3.3538242421240461E+00 7.4060569263682123E+02 -5.9545162063903403E+00
4.5000000000000001E-01 1.5000000000000002E-01 -2.0896936695964738E+00 4.0037674166476114E+00 -3.2937051627891791E+00
4.5000000000000001E-01 2.0000000000000001E-01 -8.2200736910106575E-01 -1.6810789653083179E+02 -1.9292622504498289E+00
4.5000000000000001E-01 2.5000000000000000E-01 3.1861846282939171E-02 -1.0257047300739380E+02 -1.2157495339558839E+00
4.5000000000000001E-01 3.0000000000000004E-01 6.5299754102193031E-01 -1.0901971509130480E+01 -7.8913516694858543E-01
4.5000000000000001E-01 3.5000000000000003E-01 1.2785968421313310E+00 4.1182290060589601E+01 -4.9570855338990188E-01
4.5000000000000001E-01 4.0000000000000002E-01 2.0293250178914182E+00 5.0583755628029976E+01 -2.7542716989068933E-01
4.5000000000000001E-01 4.5000000000000001E-01 2.9108073061648461E+00 2.8866478314638059E+01 -1.0253626302272610E-01
4.5000000000000001E-01 5.0000000000000000E-01 3.8538387407015802E+00 -1.2724972332702309E+01 3.7792231703808188E-02
4.5000000000000001E-01 5.5000000000000004E-01 4.7483156149513386E+00 -6.3735841336986027E+01 1.5648367617981110E-01
4.5000000000000001E-01 6.0000000000000009E-01 5.4684956518782757E+00 -1.1317547826018070E+02 2.6184671874959681E-01
4.5000000000000001E-01 6.5000000000000002E-01 5.8941428925123356E+00 -1.5052896693162921E+02 3.5927778576870290E-01
4.5000000000000001E-01 7.0000000000000007E-01 5.9285407807496000E+00 -1.6911109746813699E+02 4.5082498702881069E-01
4.5000000000000001E-01 7.5000000000000000E-01 5.5110863377682886E+00 -1.6632682434053939E+02 5.3532334490145705E-01
4.5000000000000001E-01 8.0000000000000004E-01 4.6285815280081666E+00 -1.3444969879539821E+02 6.0949962365322463E-01
4.5000000000000001E-01 8.5000000000000009E-01 3.3455546052971372E+00 -5.3070976101782733E+01 6.6942498935534478E-01
4.5000000000000001E-01 9.0000000000000002E-01 1.8643919956093360E+00 9.4856592753241387E+01 7.1131824711826586E-01
4.5000000000000001E-01 9.5000000000000007E-01 5.7133976221216765E-01 2.9803768485088301E+02 7.3339272064859740E-01
4.5000000000000001E-01 1.0000000000000000E+00 3.5744790374131469E-19 5.3658926045066494E+02 7.4075087849204113E-01
5.0000000000000000E-01 0.0000000000000000E+00 2.8121493848842771E-19 -3.6347359597512450E+03 -9.8632212111664845E+00
5.0000000000000000E-01 5.0000000000000003E-02 -2.7344412452790401E+00 7.0681312641526790E+02 -8.8434473116153960E+00
5.0000000000000000E-01 1.0000000000000001E-01 -3.6673294158109782E+00 8.2268933204605742E+02 -5.7841256129621312E+00
5.0000000000000000E-01 1.5000000000000002E-01 -2.7647875856073298E+00 1.5114470791573291E+02 -3.3564458157593111E+00
5.0000000000000000E-01 2.0000000000000001E-01 -1.5205584900980269E+00 -9.8960357324412556E+01 -1.9905925669872040E+00
5.0000000000000000E-01 2.5000000000000000E-01 -5.2694335060542175E-01 -9.0543612322907904E+01 -1.2414735414508720E+00
5.0000000000000000E-01 3.0000000000000004E-01 2.4903384533744041E-01 -2.0328675272672498E+01 -7.9217868514463752E-01
5.0000000000000000E-01 3.5000000000000003E-01 9.8718672172077926E-01 3.1867025412865889E+01 -4.9028121629542137E-01
5.0000000000000000E-01 4.0000000000000002E-01 1.8087423810051950E+00 4.8353490322414437E+01 -2.6895927980167877E-01
5.0000000000000000E-01 4.5000000000000001E-01 2.7368957345620459E+00 3.2749441752282948E+01 -9.7727781067531438E-02
5.0000000000000000E-01 5.0000000000000000E-01 3.7154284951157930E+00 -6.0035540797511899E+00 4.0177608832145828E-02
5.0000000000000000E-01 5.5000000000000004E-01 4.6387720457766148E+00 -5.7582123603785348E+01 1.5630589117429819E-01
5.0000000000000000E-01 6.0000000000000009E-01 5.3802740463869760E+00 -1.1097918558686899E+02 2.5927718327755161E-01
5.0000000000000000E-01 6.5000000000000002E-01 5.8157242080263236E+00 -1.5441408165910539E+02 3.5471010239221468E-01
5.0000000000000000E-01 7.0000000000000007E-01 5.8439440627091628E+00 -1.7695512302437621E+02 4.4473929371242471E-01
5.0000000000000000E-01 7.5000000000000000E-01 5.4062390544382941E+00 -1.7139901042225921E+02 5.2807295120364461E-01
5.0000000000000000E-01 8.0000000000000004E-01 4.5047868931945523E+00 -1.3147653697250411E+02 6.0096402944336502E-01
5.0000000000000000E-01 8.5000000000000009E-01 3.2277825822391590E+00 -4.6138038336298621E+01 6.5892081781034817E-01
5.0000000000000000E-01 9.0000000000000002E-01 1.7879447366026910E+00 9.3411627214667675E+01 6.9838275357266366E-01
5.0000000000000000E-01 9.5000000000000007E-01 5.4879739595126620E-01 2.8224073818596253E+02 7.1865438928829350E-01
5.0000000000000000E-01 1.0000000000000000E+00 4.2063656160648547E-18 5.1743687895265816E+02 7.2541160119350356E-01
5.5000000000000004E-01 0.0000000000000000E+00 -2.3886329112571270E-19 -3.3363852952157631E+03 -8.9470835337077101E+00
5.5000000000000004E-01 5.0000000000000003E-02 -2.5746702471111491E+00 4.9356218151953090E+02 -8.1103548951362203E+00
5.5000000000000004E-01 1.0000000000000001E-01 -3.8883110405919439E+00 8.3596301159836889E+02 -5.6001689794217517E+00
5.5000000000000004E-01 1.5000000000000002E-01 -3.3297018566195109E+00 2.5916683923473920E+02 -3.3938943857832529E+00
5.5000000000000004E-01 2.0000000000000001E-01 -2.1641414002009820E+00 -2.8964680264609871E+01 -2.0458829191234300E+00
5.5000000000000004E-01 2.5000000000000000E-01 -1.0822383132558939E+00 -6.5091988772671471E+01 -1.2706123509698950E+00
5.5000000000000004E-01 3.0000000000000004E-01 -1.7266345164617619E-01 -1.7218646163983792E+01 -7.9945181153035727E-01
5.5000000000000004E-01 3.5000000000000003E-01 6.8403010878047510E-01 2.9218246871779559E+01 -4.8647729193167821E-01
5.5000000000000004E-01 4.0000000000000002E-01 1.5958684176992901E+00 4.6685193844676093E+01 -2.6140901569440861E-01
5.5000000000000004E-01 4.5000000000000001E-01 2.5902914792325200E+00 3.3089640336284177E+01 -9.0297427683695905E-02
5.5000000000000004E-01 5.0000000000000000E-01 3.6153842901071260E+00 -3.8485467560184561E+00 4.5458307867918199E-02
5.5000000000000004E-01 5.5000000000000004E-01 4.5674222545022483E+00 -5.3549543754753813E+01 1.5840002872333400E-01
5.5000000000000004E-01 6.0000000000000009E-01 5.3228704230586734E+00 -1.0628348826078719E+02 2.5792721096516102E-01
5.5000000000000004E-01 6.5000000000000002E-01 5.7623905379893854E+00 -1.5225967978320051E+02 3.5022956945700778E-01
5.5000000000000004E-01 7.0000000000000007E-01 5.7881373962472056E+00 -1.7943142009938691E+02 4.3768620783682222E-01
5.5000000000000004E-01 7.5000000000000000E-01 5.3436697806249400E+00 -1.7630940099701161E+02 5.1900980067036073E-01
5.5000000000000004E-01 8.0000000000000004E-01 4.4378359947822812E+00 -1.3498911466122419E+02 5.9029330466122854E-01
5.5000000000000004E-01 8.5000000000000009E-01 3.1697019031444080E+00 -4.8906766567841693E+01 6.4677121921838965E-01
5.5000000000000004E-01 9.0000000000000002E-01 1.7547651033501350E+00 8.6573896491323566E+01 6.8484326736433898E-01
5.5000000000000004E-01 9.5000000000000007E-01 5.4150695148368577E-01 2.7201126726631992E+02 7.0416410995071876E-01
5.5000000000000004E-01 1.0000000000000000E+00 -6.1951989762179527E-18 5.1380307609757529E+02 7.1060439081284532E-01
6.0000000000000009E-01 0.0000000000000000E+00 1.8295911660692890E-19 -3.0934336714517758E+03 -8.2017680665290094E+00
6.0000000000000009E-01 5.0000000000000003E-02 -2.4420232120015370E+00 3.2601180876696952E+02 -7.5039380569266969E+00
6.0000000000000009E-01 1.0000000000000001E-01 -4.0469323570479663E+00 8.2461742108339331E+02 -5.4104480281197587E+00
6.0000000000000009E-01 1.5000000000000002E-01 -3.8047657506795871E+00 3.4945718964527578E+02 -3.4084910668165391E+00
6.0000000000000009E-01 2.0000000000000001E-01 -2.7461332716138651E+00 4.0752499672129460E+01 -2.0921219192643870E+00
6.0000000000000009E-01 2.5000000000000000E-01 -1.6112903975386179E+00 -3.5072736492473879E+01 -1.2977943710564139E+00
6.0000000000000009E-01 3.0000000000000004E-01 -5.8689787434453156E-01 -1.1977769803108650E+01 -8.0572210926240584E-01
6.0000000000000009E-01 3.5000000000000003E-01 3.9015882513363959E-01 2.3308602729224461E+01 -4.8004485629899901E-01
6.0000000000000009E-01 4.0000000000000002E-01 1.4083192517586729E+00 3.5983650949254567E+01 -2.4926359056326000E-01
6.0000000000000009E-01 4.5000000000000001E-01 2.4891068675020840E+00 1.9677282904015719E+01 -7.7096751683472992E-02
6.0000000000000009E-01 5.0000000000000000E-01 3.5749027033144731E+00 -1.7569925846462571E+01 5.6558199886592081E-02
6.0000000000000009E-01 5.5000000000000004E-01 4.5573065946122489E+00 -6.3234652244656118E+01 1.6543930648399921E-01
6.0000000000000009E-01 6.0000000000000009E-01 5.3162698167086218E+00 -1.0892002587683589E+02 2.6016435910599872E-01
6.0000000000000009E-01 6.5000000000000002E-01 5.7450771441730959E+00 -1.4994786533080571E+02 3.4791356685116132E-01
6.0000000000000009E-01 7.0000000000000007E-01 5.7593228082069814E+00 -1.7755667169487609E+02 4.3156409111650179E-01
6.0000000000000009E-01 7.5000000000000000E-01 5.3093636206151418E+00 -1.7790571083809439E+02 5.0993380280128153E-01
6.0000000000000009E-01 8.0000000000000004E-01 4.4056851440835150E+00 -1.3921117623514129E+02 5.7906910056201999E-01
6.0000000000000009E-01 8.5000000000000009E-01 3.1476177826476679E+00 -5.4790626510598308E+01 6.3406278486693834E-01
6.0000000000000009E-01 9.0000000000000002E-01 1.7468961296673999E+00 7.9034650612151395E+01 6.7114316666387774E-01
6.0000000000000009E-01 9.5000000000000007E-01 5.4249349506556088E-01 2.6647047166654960E+02 6.8989909804066374E-01
6.0000000000000009E-01 1.0000000000000000E+00 6.3019251275719945E-19 5.1775732686606057E+02 6.9615107516625907E-01
6.5000000000000002E-01 0.0000000000000000E+00 6.9456701674852628E-20 -2.8949482408137869E+03 -7.5833381241325641E+00
6.5000000000000002E-01 5.0000000000000003E-02 -2.3314606976398360E+00 1.9439097405102919E+02 -6.9932219517180814E+00
6.5000000000000002E-01 1.0000000000000001E-01 -4.1604050429522221E+00 8.0132356416288235E+02 -5.2228734344746339E+00
6.5000000000000002E-01 1.5000000000000002E-01 -4.1983842148987272E+00 4.1983751082970019E+02 -3.4040038454413870E+00
6.5000000000000002E-01 2.0000000000000001E-01 -3.2577045981638819E+00 9.6690046821375205E+01 -2.1243868646910840E+00
6.5000000000000002E-01 2.5000000000000000E-01 -2.0997491815725020E+00 -1.7318699669018010E+01 -1.3164738086051551E+00
6.5000000000000002E-01 3.0000000000000004E-01 -9.8551379515564741E-01 -1.9148093626729612E+01 -8.0643383964026538E-01
6.5000000000000002E-01 3.5000000000000003E-01 1.0380423930752911E-01 3.6737176370095330E+00 -4.6845593600074698E-01
6.5000000000000002E-01 4.0000000000000002E-01 1.2374247570399310E+00 8.4262009016332087E+00 -2.3089922069608801E-01
6.5000000000000002E-01 4.5000000000000001E-01 2.4236472948570502E+00 -1.5433932038377121E+01 -5.6599650477966591E-02
6.5000000000000002E-01 5.0000000000000000E-01 3.5885403328748260E+00 -5.7305549828395783E+01 7.5189481254042706E-02
6.5000000000000002E-01 5.5000000000000004E-01 4.6094871150861003E+00 -9.9222169290982237E+01 1.7936043010962480E-01
6.5000000000000002E-01 6.0000000000000009E-01 5.3659685104911583E+00 -1.3215782857411239E+02 2.6805005560246481E-01
6.5000000000000002E-01 6.5000000000000002E-01 5.7680700667089226E+00 -1.5837204309748370E+02 3.4974934803009278E-01
6.5000000000000002E-01 7.0000000000000007E-01 5.7546868224703536E+00 -1.7736996138660251E+02 4.2812922303837742E-01
6.5000000000000002E-01 7.5000000000000000E-01 5.2911336284715356E+00 -1.7707909906777749E+02 5.0232253286537842E-01
6.5000000000000002E-01 8.0000000000000004E-01 4.3895293827427091E+00 -1.4151602849446320E+02 5.6844572557319584E-01
6.5000000000000002E-01 8.5000000000000009E-01 3.1423809229989632E+00 -6.0112583321505639E+01 6.2151967504730210E-01
6.5000000000000002E-01 9.0000000000000002E-01 1.7514443708284539E+00 7.2788744228755832E+01 6.5753614684634243E-01
6.5000000000000002E-01 9.5000000000000007E-01 5.4774709813112887E-01 2.6403703648956031E+02 6.7578182979874457E-01
6.5000000000000002E-01 1.0000000000000000E+00 -1.3942162311805780E-18 5.2527837170302428E+02 6.8186372411621188E-01
7.0000000000000007E-01 0.0000000000000000E+00 -1.6093625997831709E-19 -2.7287216303154819E+03 -7.0602765220453394E+00
7.0000000000000007E-01 5.0000000000000003E-02 -2.2374370859947530E+00 8.7594414277522603E+01 -6.5545775604529464E+00
7.0000000000000007E-01 1.0000000000000001E-01 -4.2371999990690412E+00 7.6517052790220657E+02 -5.0374806756757691E+00
7.0000000000000007E-01 1.5000000000000002E-01 -4.5180969687557502E+00 4.6256477424453419E+02 -3.3788402080720812E+00
7.0000000000000007E-01 2.0000000000000001E-01 -3.7066243536061600E+00 1.2116926627486610E+02 -2.1384702306455718E+00
7.0000000000000007E-01 2.5000000000000000E-01 -2.5691419979885519E+00 -2.3299772785609900E+01 -1.3267311811222950E+00
7.0000000000000007E-01 3.0000000000000004E-01 -1.4069553673169679E+00 -3.9647312608405542E+01 -8.0612813320824384E-01
7.0000000000000007E-01 3.5000000000000003E-01 -2.2569919438453209E-01 -2.3608083936233530E+01 -4.5750404156555791E-01
7.0000000000000007E-01 4.0000000000000002E-01 1.0255300018540481E+00 -2.8134255607355669E+01 -2.1110997796550629E-01
7.0000000000000007E-01 4.5000000000000001E-01 2.3334799574571310E+00 -6.6718029018603445E+01 -3.2143918528900327E-02
7.0000000000000007E-01 5.0000000000000000E-01 3.5983273901917499E+00 -1.2245633359871201E+02 9.9223476282764081E-02
7.0000000000000007E-01 5.5000000000000004E-01 4.6749981234722400E+00 -1.6715532930055309E+02 1.9916390739717971E-01
7.0000000000000007E-01 6.0000000000000009E-01 5.4364750706242528E+00 -1.8724791025316830E+02 2.8166527129977442E-01
7.0000000000000007E-01 6.5000000000000002E-01 5.8082646941710756E+00 -1.9112532749223749E+02 3.5656854909662811E-01
7.0000000000000007E-01 7.0000000000000007E-01 5.7576725297669160E+00 -1.9022012711562840E+02 4.2846957266788488E-01
7.0000000000000007E-01 7.5000000000000000E-01 5.2734020482269166E+00 -1.8016008519386560E+02 4.9714053697216160E-01
7.0000000000000007E-01 8.0000000000000004E-01 4.3737694280437074E+00 -1.4377938551474529E+02 5.5907931538367517E-01
7.0000000000000007E-01 8.5000000000000009E-01 3.1416377858332418E+00 -6.4896815763885897E+01 6.0942159182987488E-01
7.0000000000000007E-01 9.0000000000000002E-01 1.7626947805118200E+00 6.7041411039632820E+01 6.4394182915563258E-01
7.0000000000000007E-01 9.5000000000000007E-01 5.5714313752669387E-01 2.6268580763655308E+02 6.6146902486065640E-01
7.0000000000000007E-01 1.0000000000000000E+00 4.1572377051241061E-18 5.3722923978875110E+02 6.6731142342899763E-01
7.5000000000000000E-01 0.0000000000000000E+00 -1.7279472123987729E-19 -2.6008439393840099E+03 -6.6143465207265937E+00
7.5000000000000000E-01 5.0000000000000003E-02 -2.1621016050500379E+00 1.2644181293484319E+01 -6.1759466804560947E+00
7.5000000000000000E-01 1.0000000000000001E-01 -4.2930257239255489E+00 7.4404512732156297E+02 -4.8607471596445997E+00
7.5000000000000000E-01 1.5000000000000002E-01 -4.7867188393226137E+00 4.6856974416333901E+02 -3.3367904951205958E+00
7.5000000000000000E-01 2.0000000000000001E-01 -4.1426217100071634E+00 1.1421164258673940E+02 -2.1457240430961741E+00
7.5000000000000000E-01 2.5000000000000000E-01 -3.0970824327953239E+00 -2.6585665686295620E+01 -1.3495683350104219E+00
7.5000000000000000E-01 3.0000000000000004E-01 -1.9385571147929681E+00 -3.4500389539556487E+01 -8.2703294217385903E-01
7.5000000000000000E-01 3.5000000000000003E-01 -6.8446463077736408E-01 -2.1402222082052120E+01 -4.6450411570939060E-01
7.5000000000000000E-01 4.0000000000000002E-01 6.8364619203989030E-01 -4.3634977597562639E+01 -2.0172075723348690E-01
7.5000000000000000E-01 4.5000000000000001E-01 2.1174280878847060E+00 -1.1010278049486681E+02 -1.2288523538945400E-02
7.5000000000000000E-01 5.0000000000000000E-01 3.4898010711492211E+00 -1.9458833338471459E+02 1.2163536892827650E-01
7.5000000000000000E-01 5.5000000000000004E-01 4.6373156294143074E+00 -2.5721532054449261E+02 2.1917789315903799E-01
7.5000000000000000E-01 6.0000000000000009E-01 5.4253598735546698E+00 -2.7585859622753441E+02 2.9708655970832881E-01
7.5000000000000000E-01 6.5000000000000002E-01 5.7879008913287153E+00 -2.6012987902426522E+02 3.6618458732351489E-01
7.5000000000000000E-01 7.0000000000000007E-01 5.7154388929465787E+00 -2.3242321926208339E+02 4.3161060948924829E-01
7.5000000000000000E-01 7.5000000000000000E-01 5.2219446366112861E+00 -2.0126911336497139E+02 4.9395721135634141E-01
7.5000000000000000E-01 8.0000000000000004E-01 4.3372568062790409E+00 -1.5525802239958759E+02 5.5058623978057508E-01
7.5000000000000000E-01 8.5000000000000009E-01 3.1356086965383150E+00 -7.5140962892322221E+01 5.9717591854207797E-01
7.5000000000000000E-01 9.0000000000000002E-01 1.7808837732080440E+00 5.6502089867987259E+01 6.2947389674254495E-01
7.5000000000000000E-01 9.5000000000000007E-01 5.7484521012682732E-01 2.5853324225222559E+02 6.4577699251042031E-01
7.5000000000000000E-01 1.0000000000000000E+00 -2.1836509380215859E-18 5.6054802162951353E+02 6.5121135776637862E-01
8.0000000000000004E-01 0.0000000000000000E+00 2.6427427954334171E-19 -2.4593021750155490E+03 -6.2135110354953476E+00
8.0000000000000004E-01 5.0000000000000003E-02 -2.0863331561040739E+00 -8.8595075392507837E+01 -5.8270785394794080E+00
8.0000000000000004E-01 1.0000000000000001E-01 -4.3129970124377532E+00 6.1179723962752735E+02 -4.6677810514315841E+00
8.0000000000000004E-01 1.5000000000000002E-01 -5.0426191912379279E+00 4.2938022777626770E+02 -3.2935779745660638E+00
8.0000000000000004E-01 2.0000000000000001E-01 -4.6483726408557979E+00 1.4720508704580530E+02 -2.1886801602045738E+00
8.0000000000000004E-01 2.5000000000000000E-01 -3.7639817202633452E+00 7.4018452412558020E+01 -1.4307118704022490E+00
8.0000000000000004E-01 3.0000000000000004E-01 -2.6278599583328339E+00 8.1673854941765143E+01 -9.0178948068056075E-01
8.0000000000000004E-01 3.5000000000000003E-01 -1.2976746932600971E+00 6.5901364174911947E+01 -5.0799545335456620E-01
8.0000000000000004E-01 4.0000000000000002E-01 1.7416370193704869E-01 -2.2432623457494341E+00 -2.1351662160234369E-01
8.0000000000000004E-01 4.5000000000000001E-01 1.6932620827918761E+00 -1.1290129844653571E+02 -6.1361688542446299E-03
8.0000000000000004E-01 5.0000000000000000E-01 3.1262506894027808E+00 -2.3741697844604900E+02 1.3246127108707789E-01
8.0000000000000004E-01 5.5000000000000004E-01 4.3214046589527824E+00 -3.3609791472830051E+02 2.2891943575762841E-01
8.0000000000000004E-01 6.0000000000000009E-01 5.1501227279115431E+00 -3.7876668957790258E+02 3.0457244025018121E-01
8.0000000000000004E-01 6.5000000000000002E-01 5.5462979643706234E+00 -3.6628597464876350E+02 3.7054421058179671E-01
8.0000000000000004E-01 7.0000000000000007E-01 5.5053642156877416E+00 -3.2190890882728661E+02 4.3143920497951110E-01
8.0000000000000004E-01 7.5000000000000000E-01 5.0537372889523686E+00 -2.6552670096533160E+02 4.8824163710823432E-01
8.0000000000000004E-01 8.0000000000000004E-01 4.2303799263169388E+00 -1.9913478001743511E+02 5.3938678637281234E-01
8.0000000000000004E-01 8.5000000000000009E-01 3.1017356620279690E+00 -1.0935309310022861E+02 5.8155542398509086E-01
8.0000000000000004E-01 9.0000000000000002E-01 1.8041502987939120E+00 2.5725855974331129E+01 6.1081041966061245E-01
8.0000000000000004E-01 9.5000000000000007E-01 6.0768705466536344E-01 2.4076211760641550E+02 6.2498484284804023E-01
8.0000000000000004E-01 1.0000000000000000E+00 -2.0667603913004931E-19 6.0884381971447328E+02 6.2970965057718287E-01
8.5000000000000009E-01 0.0000000000000000E+00 -4.5231559383379638E-19 -2.5037539159872322E+03 -5.8958710792553504E+00
8.5000000000000009E-01 5.0000000000000003E-02 -2.0917217020106209E+00 -1.2624103239436000E+01 -5.5633960608279436E+00
8.5000000000000009E-01 1.0000000000000001E-01 -4.4210635904538904E+00 8.2523219862351607E+02 -4.5659710055457241E+00
8.5000000000000009E-01 1.5000000000000002E-01 -5.3382116345555159E+00 5.3929923852787101E+02 -3.3165437604969701E+00
8.5000000000000009E-01 2.0000000000000001E-01 -5.2005316076814623E+00 4.1852829978294147E+02 -2.3222808196240452E+00
8.5000000000000009E-01 2.5000000000000000E-01 -4.4353920750822491E+00 4.2437077733618253E+02 -1.5945786793250021E+00
8.5000000000000009E-01 3.0000000000000004E-01 -3.2688703098263701E+00 3.7551162709420618E+02 -1.0281903022325709E+00
8.5000000000000009E-01 3.5000000000000003E-01 -1.8667623325217411E+00 2.5302806363492661E+02 -5.7744975974398061E-01
8.5000000000000009E-01 4.0000000000000002E-01 -3.7587629447498372E-01 9.8207997206549294E+01 -2.4060983701151131E-01
8.5000000000000009E-01 4.5000000000000001E-01 1.0839288017190589E+00 -5.6193694804850239E+01 -1.5907140329753541E-02
8.5000000000000009E-01 5.0000000000000000E-01 2.4211882583910480E+00 -2.0415779740297259E+02 1.2295040515349601E-01
8.5000000000000009E-01 5.5000000000000004E-01 3.5477256212079031E+00 -3.3694679092472933E+02 2.1508655580718961E-01
8.5000000000000009E-01 6.0000000000000009E-01 4.3719863540568129E+00 -4.2935377022919567E+02 2.8780257903549622E-01
8.5000000000000009E-01 6.5000000000000002E-01 4.8282955915318890E+00 -4.6498996184036218E+02 3.5204209333409120E-01
8.5000000000000009E-01 7.0000000000000007E-01 4.8951760808808613E+00 -4.4880282693890251E+02 4.1084637604256857E-01
8.5000000000000009E-01 7.5000000000000000E-01 4.5841127503605366E+00 -3.9549382017318749E+02 4.6456997601250188E-01
8.5000000000000009E-01 8.0000000000000004E-01 3.9237233853232891E+00 -3.1582308205583757E+02 5.1205655444402220E-01
8.5000000000000009E-01 8.5000000000000009E-01 2.9627608294876850E+00 -2.1012638923414841E+02 5.5073805858819858E-01
8.5000000000000009E-01 9.0000000000000002E-01 1.7999934593874540E+00 -6.2648773092388929E+01 5.7692669457166468E-01
8.5000000000000009E-01 9.5000000000000007E-01 6.5365802169492893E-01 1.8113527357704010E+02 5.8791819012011781E-01
8.5000000000000009E-01 1.0000000000000000E+00 -2.3547515933669549E-19 6.9382243340160085E+02 5.9158202196960219E-01
9.0000000000000002E-01 0.0000000000000000E+00 1.5754812818929991E-19 -1.9556833472508770E+03 -5.4444379656615220E+00
9.0000000000000002E-01 5.0000000000000003E-02 -1.8910503205236791E+00 -6.2715393949661757E+02 -5.1368415601631492E+00
9.0000000000000002E-01 1.0000000000000001E-01 -4.1771909371681852E+00 -5.7262527702026347E+01 -4.2140523436680342E+00
9.0000000000000002E-01 1.5000000000000002E-01 -5.3366459325319244E+00 7.2400093978065070E+02 -3.2890306893423791E+00
9.0000000000000002E-01 2.0000000000000001E-01 -5.2623806342995412E+00 1.0111386169848610E+03 -2.4330601124341409E+00
9.0000000000000002E-01 2.5000000000000000E-01 -4.4115282533264084E+00 9.0986722396161736E+02 -1.6891812912486019E+00
9.0000000000000002E-01 3.0000000000000004E-01 -3.2027953253537942E+00 6.5172627039708982E+02 -1.0712326650656481E+00
9.0000000000000002E-01 3.5000000000000003E-01 -1.8989120718242130E+00 3.8189248527666950E+02 -5.8742684747051455E-01
9.0000000000000002E-01 4.0000000000000002E-01 -6.5272838322182958E-01 1.7225059027338239E+02 -2.4432218177298379E-01
9.0000000000000002E-01 4.5000000000000001E-01 4.6244465877287227E-01 3.8163933093902330E+01 -3.1049229754246011E-02
9.0000000000000002E-01 5.0000000000000000E-01 1.4353515220004121E+00 -5.8764080993392227E+01 9.0576290004163520E-02
9.0000000000000002E-01 5.5000000000000004E-01 2.2667347215268432E+00 -1.6126847600547831E+02 1.6713031385491059E-01
9.0000000000000002E-01 6.0000000000000009E-01 2.9283289905317571E+00 -2.7284140597854531E+02 2.2822253125575059E-01
9.0000000000000002E-01 6.5000000000000002E-01 3.3742298859926949E+00 -3.7343968777289041E+02 2.8436216315894441E-01
9.0000000000000002E-01 7.0000000000000007E-01 3.5676430617746009E+00 -4.4484685830236299E+02 3.3753016482328541E-01
9.0000000000000002E-01 7.5000000000000000E-01 3.4889527182157161E+00 -4.7632357454628237E+02 3.8732803588123449E-01
9.0000000000000002E-01 8.0000000000000004E-01 3.1312143383443991E+00 -4.6109408341340003E+02 4.3232960233347811E-01
9.0000000000000002E-01 8.5000000000000009E-01 2.4997870578366230E+00 -3.9138914635494677E+02 4.6982351573697029E-01
9.0000000000000002E-01 9.0000000000000002E-01 1.6309308519271519E+00 -2.4833713376932761E+02 4.9526479263185752E-01
9.0000000000000002E-01 9.5000000000000007E-01 6.5978977016512863E-01 4.1160112533668837E+01 5.0386748262449543E-01
9.0000000000000002E-01 1.0000000000000000E+00 4.7433845046240819E-20 7.7116811625400760E+02 5.0673504595537466E-01
9.5000000000000007E-01 0.0000000000000000E+00 8.1315162936412833E-20 -4.4038299781323549E+03 -5.9948745668574004E+00
9.5000000000000007E-01 5.0000000000000003E-02 -2.8631735383840642E+00 1.9360436689330820E+03 -5.5774008052955821E+00
9.5000000000000007E-01 1.0000000000000001E-01 -4.7215345164333762E+00 2.9038245100341678E+03 -4.3249795206101300E+00
9.5000000000000007E-01 1.5000000000000002E-01 -4.5862120987440456E+00 1.8582235017464941E+03 -2.9628098075056091E+00
9.5000000000000007E-01 2.0000000000000001E-01 -3.6411090531962080E+00 8.3668414605883413E+02 -1.9290192845984839E+00
9.5000000000000007E-01 2.5000000000000000E-01 -2.6241330522563340E+00 2.8030971157599288E+02 -1.2173410880262381E+00
9.5000000000000007E-01 3.0000000000000004E-01 -1.7431206026780379E+00 5.4018335631686803E+01 -7.2709804526520172E-01
9.5000000000000007E-01 3.5000000000000003E-01 -1.0105081899981261E+00 -4.7991134633590384E+00 -3.8753790240167862E-01
9.5000000000000007E-01 4.0000000000000002E-01 -4.1199786950621309E-01 2.1098242239253459E+01 -1.6360516762001190E-01
9.5000000000000007E-01 4.5000000000000001E-01 6.7990702365178832E-02 9.5247036967401471E+01 -3.0110062973819601E-02
9.5000000000000007E-01 5.0000000000000000E-01 4.5963361970901678E-01 1.8446334099282731E+02 4.3504127104649869E-02
9.5000000000000007E-01 5.5000000000000004E-01 7.9635062069613449E-01 2.5289630922050071E+02 8.7750486439675021E-02
9.5000000000000007E-01 6.0000000000000009E-01 1.0912749334421730E+00 2.7793957508031230E+02 1.2217666450954770E-01
9.5000000000000007E-01 6.5000000000000002E-01 1.3352690809496941E+00 2.5338004427353761E+02 1.5456687916359241E-01
9.5000000000000007E-01 7.0000000000000007E-01 1.5090216339260369E+00 1.8292241875147289E+02 1.8686131099900410E-01
9.5000000000000007E-01 7.5000000000000000E-01 1.5904804534873169E+00 7.6160529107741340E+01 2.1921934969182719E-01
9.5000000000000007E-01 8.0000000000000004E-01 1.5543487902512720E+00 -5.0841882057120479E+01 2.5107101562354611E-01
9.5000000000000007E-01 8.5000000000000009E-01 1.3685956602425531E+00 -1.6839928914849631E+02 2.8065849005323712E-01
9.5000000000000007E-01 9.0000000000000002E-01 9.9924855746435037E-01 -2.1599888406210121E+02 3.0366881720059608E-01
9.5000000000000007E-01 9.5000000000000007E-01 4.5747049143927310E-01 -6.8337453214430511E+01 3.1282471109734561E-01
9.5000000000000007E-01 1.0000000000000000E+00 -9.9949887776007440E-20 5.8313362718244957E+02 3.1587667572959538E-01
1.0000000000000000E+00 0.0000000000000000E+00 -7.4538899358378430E-20 -4.4038310020834169E+03 -2.9974372834287002E+00
1.0000000000000000E+00 5.0000000000000003E-02 -8.3009228830921433E-20 -4.4038320260344790E+03 0.0000000000000000E+00
1.0000000000000000E+00 1.0000000000000001E-01 -6.7762635780344027E-21 -7.1177568829879156E+03 0.0000000000000000E+00
1.0000000000000000E+00 1.5000000000000002E-01 -1.7618285302889449E-19 -6.4325693856662137E+03 0.0000000000000000E+00
1.0000000000000000E+00 2.0000000000000001E-01 1.5246593050577411E-19 -4.7876754109738486E+03 0.0000000000000000E+00
1.0000000000000000E+00 2.5000000000000000E-01 -8.4703294725430034E-21 -3.2891163015762681E+03 0.0000000000000000E+00
1.0000000000000000E+00 3.0000000000000004E-01 -4.5739779151732218E-20 -2.1187550754681570E+03 0.0000000000000000E+00
1.0000000000000000E+00 3.5000000000000003E-01 1.3044307387716230E-19 -1.2102109578995539E+03 0.0000000000000000E+00
1.0000000000000000E+00 4.0000000000000002E-01 3.6761229910836630E-19 -5.0494684447684949E+02 0.0000000000000000E+00
1.0000000000000000E+00 4.5000000000000001E-01 -6.7762635780344027E-21 3.3965370553736477E+01 0.0000000000000000E+00
1.0000000000000000E+00 5.0000000000000000E-01 -3.8794108984246960E-19 4.5932898547234379E+02 0.0000000000000000E+00
1.0000000000000000E+00 5.5000000000000004E-01 -2.0159384144652350E-19 8.2917313133997345E+02 0.0000000000000000E+00
1.0000000000000000E+00 6.0000000000000009E-01 -1.0164395367051600E-19 1.1705608741043879E+03 0.0000000000000000E+00
1.0000000000000000E+00 6.5000000000000002E-01 -1.2027867851011060E-19 1.4756337823091751E+03 0.0000000000000000E+00
1.0000000000000000E+00 7.0000000000000007E-01 -1.8804131429045470E-19 1.7193657767055040E+03 0.0000000000000000E+00
1.0000000000000000E+00 7.5000000000000000E-01 -1.1858461261560200E-19 1.8704973603516260E+03 0.0000000000000000E+00
1.0000000000000000E+00 8.0000000000000004E-01 1.5246593050577409E-20 1.8906405454995811E+03 0.0000000000000000E+00
1.0000000000000000E+00 8.5000000000000009E-01 -1.2705494208814510E-19 1.7265153668168091E+03 0.0000000000000000E+00
1.0000000000000000E+00 9.0000000000000002E-01 9.9949887776007440E-20 1.3070983899709099E+03 0.0000000000000000E+00
1.0000000000000000E+00 9.5000000000000007E-01 -8.6397360619938635E-20 5.8313362718244957E+02 0.0000000000000000E+00
1.0000000000000000E+00 1.0000000000000000E+00 -5.0821976835258020E-21 5.8313362718244957E+02 1.5793833786479769E-01
