# x y stream-function vorticity temperature
# Unflattened from original Fortran order: Do I=1,NQ; Do j=1,NX+2; Do k=1,NY+2
# NQ=3, NX=19, NY=19, total_nodes_x=21, total_nodes_y=21
0.0000000000000000E+00 0.0000000000000000E+00 -3.3881317890172010E-21 4.8556800867280886E+04 -3.9411780273392778E+00
0.0000000000000000E+00 5.0000000000000003E-02 0.0000000000000000E+00 4.8556800867280886E+04 1.0000000000000000E+00
0.0000000000000000E+00 1.0000000000000001E-01 1.6940658945086011E-21 8.4934040631339176E+03 1.0000000000000000E+00
0.0000000000000000E+00 1.5000000000000002E-01 -1.6940658945086011E-21 1.2857263388970630E+03 1.0000000000000000E+00
0.0000000000000000E+00 2.0000000000000001E-01 -3.3881317890172010E-21 1.6071314398005550E+03 1.0000000000000000E+00
0.0000000000000000E+00 2.5000000000000000E-01 3.3881317890172010E-21 2.8486000340267929E+03 1.0000000000000000E+00
0.0000000000000000E+00 3.0000000000000004E-01 -6.7762635780344027E-21 2.9999077188710930E+03 1.0000000000000000E+00
0.0000000000000000E+00 3.5000000000000003E-01 5.0821976835258020E-21 2.6542012173235780E+03 1.0000000000000000E+00
0.0000000000000000E+00 4.0000000000000002E-01 -8.4703294725430034E-21 2.2172950073205029E+03 1.0000000000000000E+00
0.0000000000000000E+00 4.5000000000000001E-01 1.0164395367051600E-20 1.7476944916741420E+03 1.0000000000000000E+00
0.0000000000000000E+00 5.0000000000000000E-01 6.7762635780344027E-21 1.2426283692602201E+03 1.0000000000000000E+00
0.0000000000000000E+00 5.5000000000000004E-01 -1.1858461261560200E-20 7.1011570829404252E+02 1.0000000000000000E+00
0.0000000000000000E+00 6.0000000000000009E-01 -3.3881317890172010E-21 1.3910429642302620E+02 1.0000000000000000E+00
0.0000000000000000E+00 6.5000000000000002E-01 8.4703294725430034E-21 -5.2010776323529421E+02 1.0000000000000000E+00
0.0000000000000000E+00 7.0000000000000007E-01 1.6940658945086011E-21 -1.3086687673538900E+03 1.0000000000000000E+00
0.0000000000000000E+00 7.5000000000000000E-01 -1.6940658945086011E-21 -2.0567844710645250E+03 1.0000000000000000E+00
0.0000000000000000E+00 8.0000000000000004E-01 1.5246593050577409E-20 -1.8569209776413941E+03 1.0000000000000000E+00
0.0000000000000000E+00 8.5000000000000009E-01 -1.0164395367051600E-20 -4.3473330501326438E+02 1.0000000000000000E+00
0.0000000000000000E+00 9.0000000000000002E-01 0.0000000000000000E+00 -5.8285361002062946E+03 1.0000000000000000E+00
0.0000000000000000E+00 9.5000000000000007E-01 3.3881317890172010E-21 -5.4297529405021007E+04 1.0000000000000000E+00
0.0000000000000000E+00 1.0000000000000000E+00 1.6940658945086011E-21 -5.4297538782929041E+04 6.9248836349549112E+00
5.0000000000000003E-02 0.0000000000000000E+00 -5.0821976835258020E-21 4.8556800867280886E+04 -8.8823560546785565E+00
5.0000000000000003E-02 5.0000000000000003E-02 2.3597431455441921E+01 -4.0479767929320937E+04 -9.1435736467644588E+00
5.0000000000000003E-02 1.0000000000000001E-01 7.4979105861679569E+00 1.0081767442429140E+03 -9.9272264230221605E+00
5.0000000000000003E-02 1.5000000000000002E-01 2.4639240491140160E+00 3.3419648638459348E+03 -6.4601794447799028E+00
5.0000000000000003E-02 2.0000000000000001E-01 1.7818989077420100E+00 1.0622943715283770E+03 -3.7168079392960389E+00
5.0000000000000003E-02 2.5000000000000000E-01 2.1352743343768741E+00 -5.7254181827580828E+02 -1.9985136562758139E+00
5.0000000000000003E-02 3.0000000000000004E-01 2.1740903832224419E+00 -7.8199867351138266E+02 -8.2076032609176708E-01
5.0000000000000003E-02 3.5000000000000003E-01 1.9798803671502920E+00 -5.5668969509852991E+02 -1.2372317556793549E-01
5.0000000000000003E-02 4.0000000000000002E-01 1.7150484851126111E+00 -3.1847377304056351E+02 2.8210153980356040E-01
5.0000000000000003E-02 4.5000000000000001E-01 1.4010408371638960E+00 -1.3289107436517889E+02 5.3844925253316001E-01
5.0000000000000003E-02 5.0000000000000000E-01 1.0322092653762840E+00 -7.9545754467147063E+00 7.1784501429241110E-01
5.0000000000000003E-02 5.5000000000000004E-01 6.1684319412402921E-01 6.0192205189522653E+01 8.6268193821029671E-01
5.0000000000000003E-02 6.0000000000000009E-01 1.6094370696499349E-01 1.0805629235834139E+02 1.0224981708608989E+00
5.0000000000000003E-02 6.5000000000000002E-01 -3.4501419236509367E-01 2.1218148947170090E+02 1.2902030846677470E+00
5.0000000000000003E-02 7.0000000000000007E-01 -9.0091069299846183E-01 4.5515193594962477E+02 1.8542255667143430E+00
5.0000000000000003E-02 7.5000000000000000E-01 -1.3986364646836049E+00 7.5684152692667283E+02 3.0960365207897400E+00
5.0000000000000003E-02 8.0000000000000004E-01 -1.4843054436330780E+00 1.5150899672919661E+02 5.5631028975280348E+00
5.0000000000000003E-02 8.5000000000000009E-01 -1.5511352987859830E+00 -2.8532579961139909E+03 9.6440780757311959E+00
5.0000000000000003E-02 9.0000000000000002E-01 -6.1969819022236523E+00 -3.2156839216814960E+03 1.6146468630909830E+01
5.0000000000000003E-02 9.5000000000000007E-01 -2.6222520884992139E+01 4.5661010561641677E+04 1.3673942610159830E+01
5.0000000000000003E-02 1.0000000000000000E+00 -1.6940658945086011E-21 -5.4297548160837061E+04 1.2849767269909821E+01
1.0000000000000001E-01 0.0000000000000000E+00 1.6940658945086011E-21 -3.4420072517494147E+04 -8.1290523118249300E+00
1.0000000000000001E-01 5.0000000000000003E-02 -1.4307607603680379E+01 3.4501887809515210E+04 -4.5757307147247213E+00
1.0000000000000001E-01 1.0000000000000001E-01 6.4507287758381953E+00 -8.6777149536449142E+03 6.0842340765759051E+00
1.0000000000000001E-01 1.5000000000000002E-01 8.9307991111567233E+00 -5.4084177320690014E+03 1.7708186427066810E+00
1.0000000000000001E-01 2.0000000000000001E-01 5.1841332554451940E+00 -4.6537787859212852E+02 -1.8611502089061871E+00
1.0000000000000001E-01 2.5000000000000000E-01 3.1537534581958311E+00 1.1149945636382640E+02 -1.8897932466003671E+00
1.0000000000000001E-01 3.0000000000000004E-01 2.6262100893207050E+00 -1.3818409016305910E+02 -1.0079103420453861E+00
1.0000000000000001E-01 3.5000000000000003E-01 2.6386583210431751E+00 -3.6935757500067609E+02 -3.8800287467526762E-01
1.0000000000000001E-01 4.0000000000000002E-01 2.6830882798067028E+00 -4.9451293089881767E+02 1.5359665388235980E-02
1.0000000000000001E-01 4.5000000000000001E-01 2.5246779023525860E+00 -4.9904003126616959E+02 3.1131277437345128E-01
1.0000000000000001E-01 5.0000000000000000E-01 2.0910665910077628E+00 -3.9631133627092152E+02 5.5189646700637318E-01
1.0000000000000001E-01 5.5000000000000004E-01 1.4247003216133141E+00 -2.2144347967684351E+02 7.6846156405111543E-01
1.0000000000000001E-01 6.0000000000000009E-01 6.4208656504771355E-01 -1.6844224934395360E+01 1.0075494239718490E+00
1.0000000000000001E-01 6.5000000000000002E-01 -1.0963604393890131E-01 1.6104069308007109E+02 1.3557233865649820E+00
1.0000000000000001E-01 7.0000000000000007E-01 -7.2211224115962436E-01 1.9339154519057811E+02 1.9566445569416171E+00
1.0000000000000001E-01 7.5000000000000000E-01 -1.3172258483971091E+00 -7.5639595053221726E+01 3.0435025053834650E+00
1.0000000000000001E-01 8.0000000000000004E-01 -2.6086775079514330E+00 -4.2511866601668601E+02 4.3703587574696439E+00
1.0000000000000001E-01 8.5000000000000009E-01 -5.6563990521564689E+00 2.5941630834095959E+03 1.5567418429438460E+00
1.0000000000000001E-01 9.0000000000000002E-01 -5.0534814689073491E+00 8.8989374007488568E+03 -5.6133239609866497E+00
1.0000000000000001E-01 9.5000000000000007E-01 1.5459428168369699E+01 -3.6878385981221618E+04 5.2986268580876494E+00
1.0000000000000001E-01 1.0000000000000000E+00 1.0164395367051600E-20 3.6990517297231367E+04 8.9359437977790819E+00
1.5000000000000002E-01 0.0000000000000000E+00 0.0000000000000000E+00 1.2323892816292960E+03 -5.4034169428908527E+01
1.5000000000000002E-01 5.0000000000000003E-02 -1.0238685516226200E+00 -4.9220630139200957E+03 -4.1852624365403081E+01
1.5000000000000002E-01 1.0000000000000001E-01 6.2516485388255214E+00 -4.2579408163151338E+03 -5.3079891748867274E+00
1.5000000000000002E-01 1.5000000000000002E-01 8.8059464113670867E+00 -4.6516201476479346E+03 -1.1692298493884810E+00
1.5000000000000002E-01 2.0000000000000001E-01 5.4896778069891798E+00 -4.7831368978341311E+02 -1.5990035513014080E+00
1.5000000000000002E-01 2.5000000000000000E-01 2.9500574395451999E+00 5.6219079087164585E+02 -1.4670898127427301E+00
1.5000000000000002E-01 3.0000000000000004E-01 2.2271806785972581E+00 3.6086980266806631E+02 -8.3872706850084755E-01
1.5000000000000002E-01 3.5000000000000003E-01 2.3983900943390219E+00 3.1895597335278460E+01 -3.5294477608400321E-01
1.5000000000000002E-01 4.0000000000000002E-01 2.7054955070014901E+00 -1.9059561676315860E+02 -1.3631111880684269E-03
1.5000000000000002E-01 4.5000000000000001E-01 2.7760019613982272E+00 -3.0018429836276732E+02 2.7700614634684528E-01
1.5000000000000002E-01 5.0000000000000000E-01 2.4789067441711552E+00 -2.9788416346160858E+02 5.1828977755575667E-01
1.5000000000000002E-01 5.5000000000000004E-01 1.8514945997061820E+00 -1.9287885098817310E+02 7.5029470343376825E-01
1.5000000000000002E-01 6.0000000000000009E-01 1.0683655000988390E+00 -3.8925857968583749E+01 1.0114025157526130E+00
1.5000000000000002E-01 6.5000000000000002E-01 3.6957051488889420E-01 5.0664024880531180E+01 1.3627708130467631E+00
1.5000000000000002E-01 7.0000000000000007E-01 -1.1726787390369450E-01 -7.9927500271684309E+01 1.8921310291759270E+00
1.5000000000000002E-01 7.5000000000000000E-01 -7.1813936774471976E-01 -5.0313893245342172E+02 2.7166733787701780E+00
1.5000000000000002E-01 8.0000000000000004E-01 -2.5654043060490070E+00 -5.0762856793566817E+02 3.6409137939206651E+00
1.5000000000000002E-01 8.5000000000000009E-01 -6.4464096247683544E+00 3.6519209853084649E+03 2.8644491748359928E+00
1.5000000000000002E-01 9.0000000000000002E-01 -6.1444794385310093E+00 6.0174868513205683E+03 8.9632888434173541E+00
1.5000000000000002E-01 9.5000000000000007E-01 9.1774732667035730E-01 6.0839188446463968E+03 5.3102646361649533E+01
1.5000000000000002E-01 1.0000000000000000E+00 1.3552527156068811E-20 -1.9406620067156659E+03 6.7815765534393577E+01
2.0000000000000001E-01 0.0000000000000000E+00 -1.6940658945086011E-21 -1.6171031427889609E+04 -1.9181648346243382E+01
2.0000000000000001E-01 5.0000000000000003E-02 -8.3446730431581386E+00 1.2314848149057219E+04 -1.4829348469608311E+01
2.0000000000000001E-01 1.0000000000000001E-01 2.0676066816095129E+00 -3.1393351045768300E+03 -1.7724488397031171E+00
2.0000000000000001E-01 1.5000000000000002E-01 4.0341641418852969E+00 6.1898326271770179E+02 -2.2417144940516600E+00
2.0000000000000001E-01 2.0000000000000001E-01 3.5344711273134961E+00 5.3346028277312698E+01 -1.4104850580025790E+00
2.0000000000000001E-01 2.5000000000000000E-01 2.1911531844547660E+00 6.2690652597848907E+02 -1.1537801701842301E+00
2.0000000000000001E-01 3.0000000000000004E-01 1.8046213908830639E+00 3.9399994476308530E+02 -7.2360754673199013E-01
2.0000000000000001E-01 3.5000000000000003E-01 2.0838982469803149E+00 1.0622660287146731E+02 -3.2529695526502123E-01
2.0000000000000001E-01 4.0000000000000002E-01 2.4748983485207110E+00 -6.9182436949672706E+01 7.2401768743502511E-03
2.0000000000000001E-01 4.5000000000000001E-01 2.6463313103754249E+00 -1.5083639094504630E+02 2.8543530175347848E-01
2.0000000000000001E-01 5.0000000000000000E-01 2.4680778733508220E+00 -1.5563792081518039E+02 5.3027411547203751E-01
2.0000000000000001E-01 5.5000000000000004E-01 1.9700986312496660E+00 -9.1120276970365410E+01 7.6898319888541400E-01
2.0000000000000001E-01 6.0000000000000009E-01 1.3211542661927540E+00 3.4126672510797800E+00 1.0384488521076680E+00
2.0000000000000001E-01 6.5000000000000002E-01 7.5195756932437163E-01 3.5204356426021008E+01 1.3883778269322620E+00
2.0000000000000001E-01 7.0000000000000007E-01 3.7093153604766499E-01 -1.1687877595571460E+02 1.8738068433957500E+00
2.0000000000000001E-01 7.5000000000000000E-01 -9.2275385484502800E-02 -4.9654889891576312E+02 2.5212317121338841E+00
2.0000000000000001E-01 8.0000000000000004E-01 -1.3235498560313581E+00 -6.4877228989215291E+02 3.2214855394508901E+00
2.0000000000000001E-01 8.5000000000000009E-01 -3.1384164188448231E+00 2.7506998619644821E+02 3.8642784896174658E+00
2.0000000000000001E-01 9.0000000000000002E-01 -1.7654799290061900E+00 3.4889615348959910E+03 3.1436064709393681E+00
2.0000000000000001E-01 9.5000000000000007E-01 9.5658381417460063E+00 -1.4029134029583300E+04 2.0408790043021170E+01
2.0000000000000001E-01 1.0000000000000000E+00 -3.3881317890172010E-21 1.8493579284809199E+04 2.6163851233715100E+01
2.5000000000000000E-01 0.0000000000000000E+00 0.0000000000000000E+00 -4.8533578521917088E+03 -2.3997859039731040E+01
2.5000000000000000E-01 5.0000000000000003E-02 -3.6353090124487131E+00 9.8197433452406403E+02 -1.9454217991565049E+01
2.5000000000000000E-01 1.0000000000000001E-01 4.5834064873620411E-01 -1.6259336511942340E+03 -5.8232948470670829E+00
2.5000000000000000E-01 1.5000000000000002E-01 2.1023445509563001E+00 -3.9258538795880492E+02 -2.5236440569098559E+00
2.5000000000000000E-01 2.0000000000000001E-01 2.3017463153681832E+00 -1.0508303141392280E+02 -1.4956484130626260E+00
2.5000000000000000E-01 2.5000000000000000E-01 1.7794606102104520E+00 2.6672125661309718E+02 -1.0692680355628710E+00
2.5000000000000000E-01 3.0000000000000004E-01 1.6422654096745439E+00 2.1652367776996479E+02 -6.8818838754206546E-01
2.5000000000000000E-01 3.5000000000000003E-01 1.9175106809455780E+00 6.7114108422837575E+01 -3.2325128766730998E-01
2.5000000000000000E-01 4.0000000000000002E-01 2.2850612903646850E+00 -4.6153593580397271E+01 2.3213709156057580E-03
2.5000000000000000E-01 4.5000000000000001E-01 2.4810694265764481E+00 -9.8815587342153790E+01 2.8490063766206469E-01
2.5000000000000000E-01 5.0000000000000000E-01 2.3823066548394491E+00 -9.3180994834777096E+01 5.3784258810118246E-01
2.5000000000000000E-01 5.5000000000000004E-01 2.0074132034378800E+00 -4.1824366358057659E+01 7.8589765929686117E-01
2.5000000000000000E-01 6.0000000000000009E-01 1.4921583240658469E+00 2.2268239700972579E+01 1.0646206423392870E+00
2.5000000000000000E-01 6.5000000000000002E-01 1.0122137006467120E+00 3.8140665496436718E+01 1.4197011088276099E+00
2.5000000000000000E-01 7.0000000000000007E-01 6.3585408529702092E-01 -5.4994559572102993E+01 1.8946744514886280E+00
2.5000000000000000E-01 7.5000000000000000E-01 1.8323144134116470E-01 -2.2421304756308811E+02 2.4968825309179259E+00
2.5000000000000000E-01 8.0000000000000004E-01 -6.4925309300031764E-01 -1.6315527128112899E+02 3.2108330055945369E+00
2.5000000000000000E-01 8.5000000000000009E-01 -1.4967154476650910E+00 5.2619306965260250E+02 4.4317006796000893E+00
2.5000000000000000E-01 9.0000000000000002E-01 -6.5543753572096675E-01 2.7654369921655270E+03 8.9521467731906892E+00
2.5000000000000000E-01 9.5000000000000007E-01 4.0382490501096502E+00 -8.1252109062446584E+02 2.8182665833332070E+01
2.5000000000000000E-01 1.0000000000000000E+00 -3.3881317890172010E-21 5.2521621494067404E+03 3.4592838853379199E+01
3.0000000000000004E-01 0.0000000000000000E+00 1.6940658945086011E-21 -6.6620584338288936E+03 -1.7348911114302499E+01
3.0000000000000004E-01 5.0000000000000003E-02 -4.1999677458999667E+00 3.2441945779029661E+03 -1.4385208355668730E+01
3.0000000000000004E-01 1.0000000000000001E-01 -1.4698602750111061E+00 1.3885201066515739E+02 -5.4941000797674464E+00
3.0000000000000004E-01 1.5000000000000002E-01 7.6927413942593736E-01 -5.4044506603301943E+02 -2.7708739636963382E+00
3.0000000000000004E-01 2.0000000000000001E-01 1.5428533163968450E+00 -3.1589780315231280E+02 -1.6333118608118311E+00
3.0000000000000004E-01 2.5000000000000000E-01 1.5495658330352180E+00 -2.1936349273600928E+01 -1.0794089802061491E+00
3.0000000000000004E-01 3.0000000000000004E-01 1.5790986020153810E+00 6.6571681912345895E+01 -6.7658468389281501E-01
3.0000000000000004E-01 3.5000000000000003E-01 1.8298924192037120E+00 2.7837569498110110E+01 -3.2111555990169283E-01
3.0000000000000004E-01 4.0000000000000002E-01 2.1583663906115169E+00 -3.9473982073616902E+01 -4.0682384837784670E-03
3.0000000000000004E-01 4.5000000000000001E-01 2.3673002176409090E+00 -8.1504913983160137E+01 2.7713524879525858E-01
3.0000000000000004E-01 5.0000000000000000E-01 2.3396396070071188E+00 -8.0049617443912339E+01 5.3468064422892836E-01
3.0000000000000004E-01 5.5000000000000004E-01 2.0749403972879779E+00 -4.2666804490267523E+01 7.9056204341040048E-01
3.0000000000000004E-01 6.0000000000000009E-01 1.6685484292245940E+00 3.1287561260168628E+00 1.0771476636479700E+00
3.0000000000000004E-01 6.5000000000000002E-01 1.2401481988720571E+00 1.9030753127360061E+01 1.4360723262040880E+00
3.0000000000000004E-01 7.0000000000000007E-01 8.2727337503866272E-01 -8.6945988648941537E+00 1.9081483879040080E+00
3.0000000000000004E-01 7.5000000000000000E-01 3.3625529621396433E-01 4.8245638800650879E+00 2.5180485808226889E+00
3.0000000000000004E-01 8.0000000000000004E-01 -2.4620071445473449E-01 2.6654491777428620E+02 3.3318444645273222E+00
3.0000000000000004E-01 8.5000000000000009E-01 -2.7875612477675071E-01 7.5463072022641245E+02 4.7692623471555073E+00
3.0000000000000004E-01 9.0000000000000002E-01 1.6770538774429380E+00 1.6582782622368259E+02 8.1142565585708581E+00
3.0000000000000004E-01 9.5000000000000007E-01 5.2112928073148597E+00 -4.3486677053396397E+03 2.0799480370093079E+01
3.0000000000000004E-01 1.0000000000000000E+00 0.0000000000000000E+00 8.4278887624858799E+03 2.5027888307267158E+01
3.5000000000000003E-01 0.0000000000000000E+00 -3.3881317890172010E-21 -5.2339149155515470E+03 -1.4676904817588760E+01
3.5000000000000003E-01 5.0000000000000003E-02 -3.5842150096712979E+00 1.8657140642550071E+03 -1.2558091033161091E+01
3.5000000000000003E-01 1.0000000000000001E-01 -2.2393116671450581E+00 1.1126712644026669E+02 -6.2016496798780727E+00
3.5000000000000003E-01 1.5000000000000002E-01 -2.9680515009402220E-01 -3.6192538538645073E+02 -3.0214497312274178E+00
3.5000000000000003E-01 2.0000000000000001E-01 8.0350192691182631E-01 -2.9624792387381848E+02 -1.7264672723298411E+00
3.5000000000000003E-01 2.5000000000000000E-01 1.2165046595888529E+00 -1.0797712709595010E+02 -1.0870275843385739E+00
3.5000000000000003E-01 3.0000000000000004E-01 1.4454371533826460E+00 -2.6455089914172811E+00 -6.6064749487757835E-01
3.5000000000000003E-01 3.5000000000000003E-01 1.7348935590216641E+00 4.4340119065882204E+00 -3.1148569016146638E-01
3.5000000000000003E-01 4.0000000000000002E-01 2.0603804017479290E+00 -3.4120881158367460E+01 -5.3015222978233601E-03
3.5000000000000003E-01 4.5000000000000001E-01 2.2953678397715520E+00 -6.9647268577970365E+01 2.7010107854133641E-01
3.5000000000000003E-01 5.0000000000000000E-01 2.3401060453412952E+00 -7.7100064335882180E+01 5.2804979157251375E-01
3.5000000000000003E-01 5.5000000000000004E-01 2.1772252140204800E+00 -5.6067548486784737E+01 7.8833965399637806E-01
3.5000000000000003E-01 6.0000000000000009E-01 1.8652006969064161E+00 -2.5178390135840662E+01 1.0793540332982290E+00
3.5000000000000003E-01 6.5000000000000002E-01 1.4846336434845659E+00 -7.4300891995209506E+00 1.4375083090974770E+00
3.5000000000000003E-01 7.0000000000000007E-01 1.0713552105362421E+00 3.5553245379591991E+00 1.9015438239120230E+00
3.5000000000000003E-01 7.5000000000000000E-01 6.2444071006658075E-01 8.5043505545835473E+01 2.5147487897206782E+00
3.5000000000000003E-01 8.0000000000000004E-01 3.0307839183775559E-01 3.3626193643677789E+02 3.4073600724321840E+00
3.5000000000000003E-01 8.5000000000000009E-01 6.9225267570594440E-01 6.2201095578926959E+02 5.1266939850699984E+00
3.5000000000000003E-01 9.0000000000000002E-01 2.4065932514310528E+00 3.9371262730842881E+02 9.5377660855715334E+00
3.5000000000000003E-01 9.5000000000000007E-01 4.2581987143567552E+00 -2.1992767126391100E+03 1.8919397789685998E+01
3.5000000000000003E-01 1.0000000000000000E+00 0.0000000000000000E+00 6.2094797069648976E+03 2.2046608357724160E+01
4.0000000000000002E-01 0.0000000000000000E+00 -5.0821976835258020E-21 -4.5606562748443557E+03 -1.2723310678445980E+01
4.0000000000000002E-01 5.0000000000000003E-02 -3.2332953259961199E+00 1.3614039985613210E+03 -1.1057405479612660E+01
4.0000000000000002E-01 1.0000000000000001E-01 -2.9710379395641868E+00 7.0788707386415285E+02 -6.0596898831127044E+00
4.0000000000000002E-01 1.5000000000000002E-01 -1.2703390544224040E+00 -1.2762917554916631E+02 -3.1520790650358110E+00
4.0000000000000002E-01 2.0000000000000001E-01 4.7437374734193523E-02 -2.3361755212438129E+02 -1.7956219299827210E+00
4.0000000000000002E-01 2.5000000000000000E-01 7.8049578400765718E-01 -1.3141753730416730E+02 -1.0944922830462840E+00
4.0000000000000002E-01 3.0000000000000004E-01 1.2256653090335621E+00 -4.2645180727022051E+01 -6.4616636200535060E-01
4.0000000000000002E-01 3.5000000000000003E-01 1.6084711617950640E+00 -1.7142432762516819E+01 -2.9954789368959572E-01
4.0000000000000002E-01 4.0000000000000002E-01 1.9707487665825150E+00 -3.4518675504261687E+01 -2.4640541625049772E-03
4.0000000000000002E-01 4.5000000000000001E-01 2.2470625305104299E+00 -6.0872532868509367E+01 2.6639055838650483E-01
4.0000000000000002E-01 5.0000000000000000E-01 2.3625725230273260E+00 -7.2640689424604460E+01 5.2267484860270019E-01
4.0000000000000002E-01 5.5000000000000004E-01 2.2912565468549908E+00 -6.3566605304592777E+01 7.8489013956288167E-01
4.0000000000000002E-01 6.0000000000000009E-01 2.0643261858247270E+00 -4.2493030176470207E+01 1.0778984105252380E+00
4.0000000000000002E-01 6.5000000000000002E-01 1.7397385683271891E+00 -2.0136566093699830E+01 1.4336778688752789E+00
4.0000000000000002E-01 7.0000000000000007E-01 1.3689608752916540E+00 1.7114889605819680E+01 1.8908357207169830E+00
4.0000000000000002E-01 7.5000000000000000E-01 1.0307456097026710E+00 1.2287982185132410E+02 2.5098793421389751E+00
4.0000000000000002E-01 8.0000000000000004E-01 9.7610922368993347E-01 3.1657621421413432E+02 3.4605625813397052E+00
4.0000000000000002E-01 8.5000000000000009E-01 1.6995597769011170E+00 3.5195776949157772E+02 5.2719015761932537E+00
4.0000000000000002E-01 9.0000000000000002E-01 3.3526914338836860E+00 -6.1435036669298677E+02 9.2720265985912231E+00
4.0000000000000002E-01 9.5000000000000007E-01 3.9167168532244481E+00 -1.7736921478067190E+03 1.6898014204236151E+01
4.0000000000000002E-01 1.0000000000000000E+00 3.3881317890172010E-21 5.5869089591553166E+03 1.9440010072784460E+01
4.5000000000000001E-01 0.0000000000000000E+00 0.0000000000000000E+00 -4.0679529457179460E+03 -1.1193907135075820E+01
4.5000000000000001E-01 5.0000000000000003E-02 -2.9744182569131912E+00 9.9730228759120098E+02 -9.8935640639497340E+00
4.5000000000000001E-01 1.0000000000000001E-01 -3.3918504290829530E+00 7.6495520644366150E+02 -5.9925348505714764E+00
4.5000000000000001E-01 1.5000000000000002E-01 -2.0585577937276618E+00 2.5439934507542549E+01 -3.2683011538920339E+00
4.5000000000000001E-01 2.0000000000000001E-01 -6.7070622522059931E-01 -1.7199799571573070E+02 -1.8629090211305130E+00
4.5000000000000001E-01 2.5000000000000000E-01 2.9549647234585152E-01 -1.3798472924261489E+02 -1.1101022966849510E+00
4.5000000000000001E-01 3.0000000000000004E-01 9.4558240536609006E-01 -7.1872123600158005E+01 -6.3868046159662617E-01
4.5000000000000001E-01 3.5000000000000003E-01 1.4508810953018161E+00 -3.9336659575774739E+01 -2.8956090636214638E-01
4.5000000000000001E-01 4.0000000000000002E-01 1.8802227670890750E+00 -4.1282615166440202E+01 2.0305551200663799E-03
4.5000000000000001E-01 4.5000000000000001E-01 2.2117466575459019E+00 -5.7503813083347580E+01 2.6540405160357272E-01
4.5000000000000001E-01 5.0000000000000000E-01 2.3956344662614129E+00 -6.8627235449739899E+01 5.1929832122005348E-01
4.5000000000000001E-01 5.5000000000000004E-01 2.4051579590599230E+00 -6.5146317940578470E+01 7.8193548377495892E-01
4.5000000000000001E-01 6.0000000000000009E-01 2.2554258931279909E+00 -4.7731333282097758E+01 1.0757666774039409E+00
4.5000000000000001E-01 6.5000000000000002E-01 1.9940872430913990E+00 -1.7622356401987879E+01 1.4301287818205159E+00
4.5000000000000001E-01 7.0000000000000007E-01 1.6928321165702300E+00 4.0231349288974080E+01 1.8859469993236280E+00
4.5000000000000001E-01 7.5000000000000000E-01 1.4850865257137109E+00 1.5549736699627300E+02 2.5200778882946708E+00
4.5000000000000001E-01 8.0000000000000004E-01 1.6443730471463349E+00 2.9782853299150321E+02 3.5327377657713388E+00
4.5000000000000001E-01 8.5000000000000009E-01 2.5061909773766700E+00 2.1646336821686270E+02 5.4528442349206099E+00
4.5000000000000001E-01 9.0000000000000002E-01 3.8285321089897999E+00 -6.2607017094728485E+02 9.3555297302781497E+00
4.5000000000000001E-01 9.5000000000000007E-01 3.6217467629901892E+00 -1.3371581215704180E+03 1.5356128617049761E+01
4.5000000000000001E-01 1.0000000000000000E+00 3.3881317890172010E-21 5.0146776373258735E+03 1.7356328245973629E+01
5.0000000000000000E-01 0.0000000000000000E+00 1.6940658945086011E-21 -3.6983286723866890E+03 -1.0019825397127320E+01
5.0000000000000000E-01 5.0000000000000003E-02 -2.7792714792908759E+00 7.2640599326425797E+02 -8.9698699953121714E+00
5.0000000000000000E-01 1.0000000000000001E-01 -3.7086572010414161E+00 8.5374341761002870E+02 -5.8200037898667176E+00
5.0000000000000000E-01 1.5000000000000002E-01 -2.7306720899356840E+00 1.7879383581548461E+02 -3.3294486014974081E+00
5.0000000000000000E-01 2.0000000000000001E-01 -1.3479574968923460E+00 -9.7848206984649991E+01 -1.9208234532655830E+00
5.0000000000000000E-01 2.5000000000000000E-01 -2.1325769300649400E-01 -1.2630900534430390E+02 -1.1315135781358170E+00
5.0000000000000000E-01 3.0000000000000004E-01 6.2193624741593123E-01 -8.7662393081929935E+01 -6.3804034937090248E-01
5.0000000000000000E-01 3.5000000000000003E-01 1.2635722358093280E+00 -5.7379369770705487E+01 -2.8282936670362019E-01
5.0000000000000000E-01 4.0000000000000002E-01 1.7822198566466341E+00 -5.0913128674528053E+01 6.5604158290464964E-03
5.0000000000000000E-01 4.5000000000000001E-01 2.1823688743994838E+00 -5.9096706997339780E+01 2.6588140405213218E-01
5.0000000000000000E-01 5.0000000000000000E-01 2.4351082301201381E+00 -6.7359344930273721E+01 5.1716245122220683E-01
5.0000000000000000E-01 5.5000000000000004E-01 2.5183740194650190E+00 -6.4923512598876670E+01 7.7920254560600655E-01
5.0000000000000000E-01 6.0000000000000009E-01 2.4410852497239981E+00 -4.6831425194456777E+01 1.0732549310220569E+00
5.0000000000000000E-01 6.5000000000000002E-01 2.2497597088309820E+00 -8.4991169579339267E+00 1.4276600171953919E+00
5.0000000000000000E-01 7.0000000000000007E-01 2.0359360766522498E+00 6.2053060148237527E+01 1.8867615442435970E+00
5.0000000000000000E-01 7.5000000000000000E-01 1.9668723671847039E+00 1.7069680154490189E+02 2.5396452580238318E+00
5.0000000000000000E-01 8.0000000000000004E-01 2.3048174838242250E+00 2.4689300963702269E+02 3.5983371832639870E+00
5.0000000000000000E-01 8.5000000000000009E-01 3.2348826188602460E+00 2.9655337248409019E+01 5.5446538945526127E+00
5.0000000000000000E-01 9.0000000000000002E-01 4.2382942646502952E+00 -8.3134399254633502E+02 9.1720358945820362E+00
5.0000000000000000E-01 9.5000000000000007E-01 3.3988426861944179E+00 -1.0113774716617560E+03 1.4116767346988111E+01
5.0000000000000000E-01 1.0000000000000000E+00 1.6940658945086011E-21 4.5843022687548046E+03 1.5765011164456800E+01
5.5000000000000004E-01 0.0000000000000000E+00 -3.3881317890172010E-21 -3.3973335847595858E+03 -9.0855145373254924E+00
5.5000000000000004E-01 5.0000000000000003E-02 -2.6179954219267869E+00 5.1147834414850371E+02 -8.2226057975486881E+00
5.5000000000000004E-01 1.0000000000000001E-01 -3.9303522998335310E+00 8.6963841396507814E+02 -5.6338795782182718E+00
5.5000000000000004E-01 1.5000000000000002E-01 -3.2910882782365372E+00 2.9033762805842588E+02 -3.3653430305953220E+00
5.5000000000000004E-01 2.0000000000000001E-01 -1.9722234613482921E+00 -2.4323740743081348E+01 -1.9724062686023449E+00
5.5000000000000004E-01 2.5000000000000000E-01 -7.2524596292122301E-01 -1.0126498518573879E+02 -1.1563473175972141E+00
5.5000000000000004E-01 3.0000000000000004E-01 2.6993174060147779E-01 -9.0493155495587928E+01 -6.4239662982443768E-01
5.5000000000000004E-01 3.5000000000000003E-01 1.0506745363734880E+00 -6.8671069829908490E+01 -2.7914376137481922E-01
5.5000000000000004E-01 4.0000000000000002E-01 1.6730572104126631E+00 -5.9826374283648782E+01 1.0296378477263210E-02
5.5000000000000004E-01 4.5000000000000001E-01 2.1535263091918950E+00 -6.2975854348125573E+01 2.6672428758600297E-01
5.5000000000000004E-01 5.0000000000000000E-01 2.4783603596592370E+00 -6.8141121147770491E+01 5.1535260620980483E-01
5.5000000000000004E-01 5.5000000000000004E-01 2.6329077495601179E+00 -6.4575986159395143E+01 7.7615792931030325E-01
5.5000000000000004E-01 6.0000000000000009E-01 2.6272253769212801E+00 -4.3970078623545191E+01 1.0702239687512500E+00
5.5000000000000004E-01 6.5000000000000002E-01 2.5126585837753610E+00 9.2437847522106220E-01 1.4261018296592669E+00
5.5000000000000004E-01 7.0000000000000007E-01 2.3971098723210069E+00 7.6732609808262765E+01 1.8918012727363589E+00
5.5000000000000004E-01 7.5000000000000000E-01 2.4623386273920329E+00 1.7037346643641851E+02 2.5651437420732952E+00
5.5000000000000004E-01 8.0000000000000004E-01 2.9335856674701848E+00 1.9093016288965811E+02 3.6617262616994659E+00
5.5000000000000004E-01 8.5000000000000009E-01 3.8531149833106682E+00 -9.7332999140468473E+01 5.6155483428140167E+00
5.5000000000000004E-01 9.0000000000000002E-01 4.5219878726169727E+00 -8.8245483224421662E+02 8.9864744707279236E+00
5.5000000000000004E-01 9.5000000000000007E-01 3.2068859626293040E+00 -7.4461035446172082E+02 1.3107256270822701E+01
5.5000000000000004E-01 1.0000000000000000E+00 -3.3881317890172010E-21 4.2205705114433549E+03 1.4480850204187631E+01
6.0000000000000009E-01 0.0000000000000000E+00 0.0000000000000000E+00 -3.1518524473553061E+03 -8.3241752162721827E+00
6.0000000000000009E-01 5.0000000000000003E-02 -2.4836620101033762E+00 3.4291624810785549E+02 -7.6032829901900048E+00
6.0000000000000009E-01 1.0000000000000001E-01 -4.0882165629541278E+00 8.6087523692448099E+02 -5.4406063119434744E+00
6.0000000000000009E-01 1.5000000000000002E-01 -3.7607939298252502E+00 3.8366465386805481E+02 -3.3772386938434442E+00
6.0000000000000009E-01 2.0000000000000001E-01 -2.5375718227224442E+00 4.7541790305083858E+01 -2.0142855713000709E+00
6.0000000000000009E-01 2.5000000000000000E-01 -1.2209959170620781E+00 -7.0980561862323384E+01 -1.1797998108741510E+00
6.0000000000000009E-01 3.0000000000000004E-01 -9.2971622583104735E-02 -8.7036055053885292E+01 -6.4816627350518630E-01
6.0000000000000009E-01 3.5000000000000003E-01 8.2085242448047568E-01 -7.5742318890734907E+01 -2.7690254288131150E-01
6.0000000000000009E-01 4.0000000000000002E-01 1.5539466662079200E+00 -6.6961369348929736E+01 1.3361745345374701E-02
6.0000000000000009E-01 4.5000000000000001E-01 2.1233768690760328E+00 -6.6152067893199956E+01 2.6732411490607089E-01
6.0000000000000009E-01 5.0000000000000000E-01 2.5242124880883590E+00 -6.7824085443551212E+01 5.1309859654216128E-01
6.0000000000000009E-01 5.5000000000000004E-01 2.7500261534527159E+00 -6.2318045237703338E+01 7.7223652179980296E-01
6.0000000000000009E-01 6.0000000000000009E-01 2.8170172951916159E+00 -3.9558053858621513E+01 1.0664449317638340E+00
6.0000000000000009E-01 6.5000000000000002E-01 2.7846804833891219E+00 8.6147549346146839E+00 1.4252588222568281E+00
6.0000000000000009E-01 7.0000000000000007E-01 2.7725649706090079E+00 8.3127242853839860E+01 1.9000302043421491E+00
6.0000000000000009E-01 7.5000000000000000E-01 2.9622252498774868E+00 1.5647606275307200E+02 2.5938239539071621E+00
6.0000000000000009E-01 8.0000000000000004E-01 3.5292401062873280E+00 1.2658343899380711E+02 3.7177648556273239E+00
6.0000000000000009E-01 8.5000000000000009E-01 4.3907912407285510E+00 -2.1257638418518479E+02 5.6514183338190680E+00
6.0000000000000009E-01 9.0000000000000002E-01 4.7330803095268292E+00 -9.0382891041507253E+02 8.7693253685231323E+00
6.0000000000000009E-01 9.5000000000000007E-01 3.0451873500737281E+00 -5.3201273469222770E+02 1.2259353388412279E+01
6.0000000000000009E-01 1.0000000000000000E+00 1.6940658945086011E-21 3.9202332566188029E+03 1.3422696061708670E+01
6.5000000000000002E-01 0.0000000000000000E+00 -3.3881317890172010E-21 -2.9507421605100958E+03 -7.6912821208056652E+00
6.5000000000000002E-01 5.0000000000000003E-02 -2.3711454097136988E+00 2.1073550730484610E+02 -7.0805716129986571E+00
6.5000000000000002E-01 1.0000000000000001E-01 -4.1992607425684962E+00 8.3923099758081651E+02 -5.2484400895776337E+00
6.5000000000000002E-01 1.5000000000000002E-01 -4.1477017236510747E+00 4.5473830772482290E+02 -3.3689883018350759E+00
6.5000000000000002E-01 2.0000000000000001E-01 -3.0355702629710501E+00 1.0338149698550690E+02 -2.0416684700629291E+00
6.5000000000000002E-01 2.5000000000000000E-01 -1.6871006021454780E+00 -5.1134731664911499E+01 -1.1959534786961590E+00
6.5000000000000002E-01 3.0000000000000004E-01 -4.5723467218283198E-01 -8.9169229324976101E+01 -6.5150541234312820E-01
6.5000000000000002E-01 3.5000000000000003E-01 5.7911631317529344E-01 -8.5584300997419220E+01 -2.7411322377023212E-01
6.5000000000000002E-01 4.0000000000000002E-01 1.4287216846078441E+00 -7.5142193764688059E+01 1.6774098966116341E-02
6.5000000000000002E-01 4.5000000000000001E-01 2.0969812085140052E+00 -6.7986418800306140E+01 2.6819241415357992E-01
6.5000000000000002E-01 5.0000000000000000E-01 2.5787714935746280E+00 -6.2918820202133773E+01 5.1051141802154865E-01
6.5000000000000002E-01 5.5000000000000004E-01 2.8752463688550538E+00 -5.3123101226962547E+01 7.6716557058195689E-01
6.5000000000000002E-01 6.0000000000000009E-01 3.0133857096511378E+00 -2.8814726893574100E+01 1.0612576129122560E+00
6.5000000000000002E-01 6.5000000000000002E-01 3.0638270617499548E+00 1.8229520265620351E+01 1.4238990142038961E+00
6.5000000000000002E-01 7.0000000000000007E-01 3.1537582717841288E+00 8.4612919566980935E+01 1.9093150464900031E+00
6.5000000000000002E-01 7.5000000000000000E-01 3.4543086279140969E+00 1.3335643593200939E+02 2.6231782576164200E+00
6.5000000000000002E-01 8.0000000000000004E-01 4.0856633153380608E+00 5.9489677359991298E+01 3.7673832075474150E+00
6.5000000000000002E-01 8.5000000000000009E-01 4.8576338900136884E+00 -3.0828762295311748E+02 5.6671073623096788E+00
6.5000000000000002E-01 9.0000000000000002E-01 4.8942639446977916E+00 -9.1299542077340573E+02 8.5517913684790692E+00
6.5000000000000002E-01 9.5000000000000007E-01 2.9107512517701708E+00 -3.6945963279990212E+02 1.1544680209981269E+01
6.5000000000000002E-01 1.0000000000000000E+00 -5.0821976835258020E-21 3.6776332963599521E+03 1.2542309823815330E+01
7.0000000000000007E-01 0.0000000000000000E+00 0.0000000000000000E+00 -2.7816822647947101E+03 -7.1549213029203429E+00
7.0000000000000007E-01 5.0000000000000003E-02 -2.2748201022197900E+00 1.0379644696973530E+02 -6.6305612590202196E+00
7.0000000000000007E-01 1.0000000000000001E-01 -4.2721387936958060E+00 8.0404485500177589E+02 -5.0574811273198499E+00
7.0000000000000007E-01 1.5000000000000002E-01 -4.4602283534753786E+00 4.9507338773949130E+02 -3.3387811906868019E+00
7.0000000000000007E-01 2.0000000000000001E-01 -3.4761358451887019E+00 1.2649540065396759E+02 -2.0508990417248909E+00
7.0000000000000007E-01 2.5000000000000000E-01 -2.1438690245488110E+00 -5.1141459361361647E+01 -1.2052691049551740E+00
7.0000000000000007E-01 3.0000000000000004E-01 -8.4807479308956635E-01 -9.9241632879143395E+01 -6.5527426761811558E-01
7.0000000000000007E-01 3.5000000000000003E-01 3.0742526856668612E-01 -9.9720538336952188E+01 -2.7255487067890333E-01
7.0000000000000007E-01 4.0000000000000002E-01 1.2947114629411900E+00 -8.8896797562068201E+01 2.1193270670617940E-02
7.0000000000000007E-01 4.5000000000000001E-01 2.0873692510807809E+00 -7.4962148679471198E+01 2.7194585920738951E-01
7.0000000000000007E-01 5.0000000000000000E-01 2.6644591593265599E+00 -5.7576498645330190E+01 5.1092902067255708E-01
7.0000000000000007E-01 5.5000000000000004E-01 3.0316832608770392E+00 -3.5250579012980531E+01 7.6370533540057328E-01
7.0000000000000007E-01 6.0000000000000009E-01 3.2329248058360269E+00 -3.6568030092199240E+00 1.0557659389630920E+00
7.0000000000000007E-01 6.5000000000000002E-01 3.3558038099659022E+00 4.2477006354016190E+01 1.4205791523179350E+00
7.0000000000000007E-01 7.0000000000000007E-01 3.5344729633394749E+00 9.6487435154386375E+01 1.9150499162235570E+00
7.0000000000000007E-01 7.5000000000000000E-01 3.9250962087952059E+00 1.1597166708624400E+02 2.6461559154892620E+00
7.0000000000000007E-01 8.0000000000000004E-01 4.5938751504401569E+00 -1.6158621057882900E+00 3.8046635356838761E+00
7.0000000000000007E-01 8.5000000000000009E-01 5.2566306793053137E+00 -3.8019421216963138E+02 5.6594592926424410E+00
7.0000000000000007E-01 9.0000000000000002E-01 4.9982017078635250E+00 -8.4811874855722851E+02 8.3134631933902092E+00
7.0000000000000007E-01 9.5000000000000007E-01 2.7799046027825209E+00 -2.0499629898311451E+02 1.0911836481998501E+01
7.0000000000000007E-01 1.0000000000000000E+00 0.0000000000000000E+00 3.4383855617569652E+03 1.1777960911534590E+01
7.5000000000000000E-01 0.0000000000000000E+00 8.4703294725430034E-21 -2.6499846143591039E+03 -6.6965549207234716E+00
7.5000000000000000E-01 5.0000000000000003E-02 -2.1965050803118769E+00 2.8357193075987048E+01 -6.2409269849659319E+00
7.5000000000000000E-01 1.0000000000000001E-01 -4.3226034010764272E+00 7.7977451588957103E+02 -4.8740431776933137E+00
7.5000000000000000E-01 1.5000000000000002E-01 -4.7243645505950589E+00 4.9504247808321549E+02 -3.2916483256816358E+00
7.5000000000000000E-01 2.0000000000000001E-01 -3.9146702469560291E+00 1.2217445315529470E+02 -2.0561647521403739E+00
7.5000000000000000E-01 2.5000000000000000E-01 -2.6688085304452689E+00 -4.0491088105454523E+01 -1.2297199548165161E+00
7.5000000000000000E-01 3.0000000000000004E-01 -1.3384171460812599E+00 -8.2513052796887578E+01 -6.7847743032334029E-01
7.5000000000000000E-01 3.5000000000000003E-01 -4.3769539263932060E-02 -9.6620287228282095E+01 -2.8259147751280372E-01
7.5000000000000000E-01 4.0000000000000002E-01 1.1324611852624400E+00 -1.0742488833465910E+02 2.4802105263057692E-02
7.5000000000000000E-01 4.5000000000000001E-01 2.1046598961597840E+00 -1.0522458177642210E+02 2.8328716505294571E-01
7.5000000000000000E-01 5.0000000000000000E-01 2.8151948904655919E+00 -7.9370119278000502E+01 5.2342704892885039E-01
7.5000000000000000E-01 5.5000000000000004E-01 3.2670608140656490E+00 -3.3314182436560003E+01 7.7302688346296500E-01
7.5000000000000000E-01 6.0000000000000009E-01 3.5257926173437562E+00 2.3615447907166420E+01 1.0607589669044111E+00
7.5000000000000000E-01 6.5000000000000002E-01 3.7033294868357629E+00 8.5105264703985100E+01 1.4231338254622301E+00
7.5000000000000000E-01 7.0000000000000007E-01 3.9427351107833690E+00 1.3773766883762229E+02 1.9194546593435979E+00
7.5000000000000000E-01 7.5000000000000000E-01 4.3848782815263991E+00 1.3394841983397191E+02 2.6575850281833140E+00
7.5000000000000000E-01 8.0000000000000004E-01 5.0548272162608852E+00 -3.2056081018178560E+01 3.8218985048055152E+00
7.5000000000000000E-01 8.5000000000000009E-01 5.6100075815234129E+00 -4.6763361528292899E+02 5.6451391378361198E+00
7.5000000000000000E-01 9.0000000000000002E-01 5.1210501164485889E+00 -9.6329827136702647E+02 8.1470295866613434E+00
7.5000000000000000E-01 9.5000000000000007E-01 2.6981746887651870E+00 -1.5643437937088589E+02 1.0412870290137549E+01
7.5000000000000000E-01 1.0000000000000000E+00 3.3881317890172010E-21 3.3160286495951268E+03 1.1168150524629620E+01
8.0000000000000004E-01 0.0000000000000000E+00 5.0821976835258020E-21 -2.5046813391113078E+03 -6.2835293391473037E+00
8.0000000000000004E-01 5.0000000000000003E-02 -2.1177038331485480E+00 -7.3126369863921454E+01 -5.8816446406075196E+00
8.0000000000000004E-01 1.0000000000000001E-01 -4.3392679284756870E+00 6.4791859103062859E+02 -4.6759905449881654E+00
8.0000000000000004E-01 1.5000000000000002E-01 -4.9844724197885011E+00 4.5465504675328458E+02 -3.2481779634852370E+00
8.0000000000000004E-01 2.0000000000000001E-01 -4.4383322191051144E+00 1.7136998242225420E+02 -2.1046134631614470E+00
8.0000000000000004E-01 2.5000000000000000E-01 -3.3417320324399711E+00 8.2552310034229251E+01 -1.3153920888691790E+00
8.0000000000000004E-01 3.0000000000000004E-01 -1.9773965226316270E+00 4.0148182040233273E+01 -7.5075402954016313E-01
8.0000000000000004E-01 3.5000000000000003E-01 -5.0651742554017776E-01 -3.0324511072587789E+01 -3.1857085647589112E-01
8.0000000000000004E-01 4.0000000000000002E-01 9.0952342970969513E-01 -1.1725701680461920E+02 2.2665950127282061E-02
8.0000000000000004E-01 4.5000000000000001E-01 2.1172116951035189E+00 -1.7858357716404859E+02 3.0391953792287613E-01
8.0000000000000004E-01 5.0000000000000000E-01 3.0161990303467641E+00 -1.8044298943436829E+02 5.5721575846149374E-01
8.0000000000000004E-01 5.5000000000000004E-01 3.5983809041167998E+00 -1.2303332294596900E+02 8.1318179943652458E-01
8.0000000000000004E-01 6.0000000000000009E-01 3.9449126909320960E+00 -3.1667110326702169E+01 1.1030777731804919E+00
8.0000000000000004E-01 6.5000000000000002E-01 4.1888703045661382E+00 6.6701138167953246E+01 1.4657445081825751E+00
8.0000000000000004E-01 7.0000000000000007E-01 4.4759285531059323E+00 1.4550470154216251E+02 1.9604651320874900E+00
8.0000000000000004E-01 7.5000000000000000E-01 4.9209779883868920E+00 1.5541337319995930E+02 2.6897585860341868E+00
8.0000000000000004E-01 8.0000000000000004E-01 5.5095307759100640E+00 -2.9363362575388980E+00 3.8250187018196340E+00
8.0000000000000004E-01 8.5000000000000009E-01 5.8676871718364936E+00 -3.8377457401667522E+02 5.5555479927433797E+00
8.0000000000000004E-01 9.0000000000000002E-01 5.0540947749630911E+00 -5.0781158044976678E+02 7.7886932614876736E+00
8.0000000000000004E-01 9.5000000000000007E-01 2.5006580757471539E+00 1.6156881952119360E+02 9.8352790706395403E+00
8.0000000000000004E-01 1.0000000000000000E+00 0.0000000000000000E+00 2.9200069803162442E+03 1.0517474340356831E+01
8.5000000000000009E-01 0.0000000000000000E+00 -3.3881317890172010E-21 -2.5407945406902468E+03 -5.9552109119597656E+00
8.5000000000000009E-01 5.0000000000000003E-02 -2.1178582539147728E+00 -1.2705765339367880E+00 -5.6090045691237318E+00
8.5000000000000009E-01 1.0000000000000001E-01 -4.4395227690046219E+00 8.4252827194509700E+02 -4.5703855406156304E+00
8.5000000000000009E-01 1.5000000000000002E-01 -5.2879771557285853E+00 5.6738751064098039E+02 -3.2775725678546590E+00
8.5000000000000009E-01 2.0000000000000001E-01 -5.0106864017471224E+00 4.6408564185797371E+02 -2.2494777855510701E+00
8.5000000000000009E-01 2.5000000000000000E-01 -4.0205360023310446E+00 4.3868404917946691E+02 -1.4814496463919939E+00
8.5000000000000009E-01 3.0000000000000004E-01 -2.5889260104552392E+00 3.1643407281719578E+02 -8.6800959728516558E-01
8.5000000000000009E-01 3.5000000000000003E-01 -9.7095650449713544E-01 1.1819985624544950E+02 -3.7457854006212682E-01
8.5000000000000009E-01 4.0000000000000002E-01 6.1158019409429931E-01 -9.4924402277549206E+01 1.0298798511480699E-02
8.5000000000000009E-01 4.5000000000000001E-01 1.9926636450653550E+00 -2.7176742405799649E+02 3.1910485447334319E-01
8.5000000000000009E-01 5.0000000000000000E-01 3.0704473235661718E+00 -3.6993538632813232E+02 5.9589242009485122E-01
8.5000000000000009E-01 5.5000000000000004E-01 3.8293676719434200E+00 -3.7706432899571871E+02 8.7708432989986251E-01
8.5000000000000009E-01 6.0000000000000009E-01 4.3443085528583030E+00 -3.1850724860214638E+02 1.1946502106420320E+00
8.5000000000000009E-01 6.5000000000000002E-01 4.7425360978492588E+00 -2.3282261372634909E+02 1.5874157178712309E+00
8.5000000000000009E-01 7.0000000000000007E-01 5.1471336162544432E+00 -1.5189195831113631E+02 2.1101327845763391E+00
8.5000000000000009E-01 7.5000000000000000E-01 5.6193890849860590E+00 -1.0597513170067380E+02 2.8458963287538661E+00
8.5000000000000009E-01 8.0000000000000004E-01 6.0952695713830982E+00 -1.7673642016436591E+02 3.9371816032597842E+00
8.5000000000000009E-01 8.5000000000000009E-01 6.2909900664953851E+00 -6.6187770486248962E+02 5.6222400911823289E+00
8.5000000000000009E-01 9.0000000000000002E-01 5.4545109042360069E+00 -1.6044777131163671E+03 7.9389928483574348E+00
8.5000000000000009E-01 9.5000000000000007E-01 2.6542849001011382E+00 -3.9727823951428900E+02 9.7326024490249914E+00
8.5000000000000009E-01 1.0000000000000000E+00 0.0000000000000000E+00 3.3837828034471540E+03 1.0330472315914180E+01
9.0000000000000002E-01 0.0000000000000000E+00 -1.6940658945086011E-21 -1.9980134929194089E+03 -5.4906320929744021E+00
9.0000000000000002E-01 5.0000000000000003E-02 -1.9173828549354290E+00 -6.0569172886430488E+02 -5.1737846166989501E+00
9.0000000000000002E-01 1.0000000000000001E-01 -4.1998503571506536E+00 -1.8277852461562610E-01 -4.2232421878725974E+00
9.0000000000000002E-01 1.5000000000000002E-01 -5.2907120651890089E+00 7.8667399248054369E+02 -3.2633493944465770E+00
9.0000000000000002E-01 2.0000000000000001E-01 -5.0733437981874188E+00 1.0375205908241101E+03 -2.3654166332792261E+00
9.0000000000000002E-01 2.5000000000000000E-01 -4.0189609507675410E+00 8.6772005814359818E+02 -1.5715969855472600E+00
9.0000000000000002E-01 3.0000000000000004E-01 -2.5932523889860151E+00 5.4481826757642875E+02 -9.0699657307803472E-01
9.0000000000000002E-01 3.5000000000000003E-01 -1.1037102264577070E+00 2.3110647635670600E+02 -3.8932958837005832E-01
9.0000000000000002E-01 4.0000000000000002E-01 2.8856123845778731E-01 -3.0919315447319448E+01 -8.4057320037181932E-03
9.0000000000000002E-01 4.5000000000000001E-01 1.5143090592246300E+00 -2.5725417963765898E+02 2.8733547168967921E-01
9.0000000000000002E-01 5.0000000000000000E-01 2.5422097556188099E+00 -4.5326048811661377E+02 5.6169989556225530E-01
9.0000000000000002E-01 5.5000000000000004E-01 3.3710236074316069E+00 -6.0718505224344187E+02 8.6003075282954100E-01
9.0000000000000002E-01 6.0000000000000009E-01 4.0478375550591519E+00 -7.2169108481575040E+02 1.2154274645545580E+00
9.0000000000000002E-01 6.5000000000000002E-01 4.6588940784568358E+00 -8.1618421288243508E+02 1.6668102421770481E+00
9.0000000000000002E-01 7.0000000000000007E-01 5.2857015269597154E+00 -9.0275530148929738E+02 2.2655652267689832E+00
9.0000000000000002E-01 7.5000000000000000E-01 5.9328928050947569E+00 -9.4909702256569813E+02 3.0674916605916458E+00
9.0000000000000002E-01 8.0000000000000004E-01 6.4125362231163558E+00 -8.1264955401057171E+02 4.1077718496188664E+00
9.0000000000000002E-01 8.5000000000000009E-01 6.2077116922637101E+00 -1.6943063328560589E+02 5.3637541943942013E+00
9.0000000000000002E-01 9.0000000000000002E-01 4.5834291782447751E+00 1.2792614742067710E+03 6.7417881830592750E+00
9.0000000000000002E-01 9.5000000000000007E-01 1.6687749920361321E+00 2.0432631175664019E+03 8.4794180438497353E+00
9.0000000000000002E-01 1.0000000000000000E+00 0.0000000000000000E+00 9.8089956558148140E+02 9.0586279974465551E+00
9.5000000000000007E-01 0.0000000000000000E+00 0.0000000000000000E+00 -4.4105372309286186E+03 -6.0307315179088548E+00
9.5000000000000007E-01 5.0000000000000003E-02 -2.8660521759646000E+00 1.9425494445382210E+03 -5.6026317275236801E+00
9.5000000000000007E-01 1.0000000000000001E-01 -4.6904520928462068E+00 2.8837477823152508E+03 -4.3183323563681570E+00
9.5000000000000007E-01 1.5000000000000002E-01 -4.4865361676254896E+00 1.8014748132763350E+03 -2.9226326547550849E+00
9.5000000000000007E-01 2.0000000000000001E-01 -3.4612933450555730E+00 7.6791499742916824E+02 -1.8598130721570829E+00
9.5000000000000007E-01 2.5000000000000000E-01 -2.3655058636223352E+00 2.2702718409465351E+02 -1.1232075801464689E+00
9.5000000000000007E-01 3.0000000000000004E-01 -1.4142011815147491E+00 3.1962940257358351E+01 -6.1342851340185645E-01
9.5000000000000007E-01 3.5000000000000003E-01 -6.1813912042582653E-01 4.1008089442902396E+00 -2.6027021913014281E-01
9.5000000000000007E-01 4.0000000000000002E-01 5.5606948935409919E-02 3.7959947388610381E+01 -1.6739889221814779E-02
9.5000000000000007E-01 4.5000000000000001E-01 6.4690554900944131E-01 6.7789729545840558E+01 1.6815151134832659E-01
9.5000000000000007E-01 5.0000000000000000E-01 1.1871805167930549E+00 5.3827509767817489E+01 3.4597874188483901E-01
9.5000000000000007E-01 5.5000000000000004E-01 1.6941755409739740E+00 -1.2281108817558509E+01 5.5516136532911897E-01
9.5000000000000007E-01 6.0000000000000009E-01 2.1877952667123219E+00 -1.2057464897270999E+02 8.2558490567058418E-01
9.5000000000000007E-01 6.5000000000000002E-01 2.7077313394008762E+00 -2.6436924459085412E+02 1.1936261987693331E+00
9.5000000000000007E-01 7.0000000000000007E-01 3.3233128812601671E+00 -4.6477217016401681E+02 1.7170141443699549E+00
9.5000000000000007E-01 7.5000000000000000E-01 4.1378881986418108E+00 -8.1870475835191462E+02 2.4968200852706759E+00
9.5000000000000007E-01 8.0000000000000004E-01 5.2485851513342734E+00 -1.5711201798826701E+03 3.7153039265414152E+00
9.5000000000000007E-01 8.5000000000000009E-01 6.5161156168146714E+00 -3.0544095172821740E+03 5.6476787887964921E+00
9.5000000000000007E-01 9.0000000000000002E-01 6.9721416028840268E+00 -4.8973909662572041E+03 8.4597703688896537E+00
9.5000000000000007E-01 9.5000000000000007E-01 4.5455438359495854E+00 -3.8165033858106071E+03 1.1463835044859151E+01
9.5000000000000007E-01 1.0000000000000000E+00 -1.6940658945086011E-21 7.3629073847111104E+03 1.2465189936848979E+01
1.0000000000000000E+00 0.0000000000000000E+00 1.6940658945086011E-21 -4.4105382559091631E+03 -3.0153657589544269E+00
1.0000000000000000E+00 5.0000000000000003E-02 0.0000000000000000E+00 -4.4105392808897068E+03 0.0000000000000000E+00
1.0000000000000000E+00 1.0000000000000001E-01 1.6940658945086011E-21 -7.0704195897035579E+03 0.0000000000000000E+00
1.0000000000000000E+00 1.5000000000000002E-01 -1.6940658945086011E-21 -6.2845838563597472E+03 0.0000000000000000E+00
1.0000000000000000E+00 2.0000000000000001E-01 -1.6940658945086011E-21 -4.5375118647066975E+03 0.0000000000000000E+00
1.0000000000000000E+00 2.5000000000000000E-01 -1.6940658945086011E-21 -2.9521222357393699E+03 0.0000000000000000E+00
1.0000000000000000E+00 3.0000000000000004E-01 -1.6940658945086011E-21 -1.7130238488865191E+03 0.0000000000000000E+00
1.0000000000000000E+00 3.5000000000000003E-01 0.0000000000000000E+00 -7.4381776900448995E+02 0.0000000000000000E+00
1.0000000000000000E+00 4.0000000000000002E-01 0.0000000000000000E+00 4.7748402812732550E+01 0.0000000000000000E+00
1.0000000000000000E+00 4.5000000000000001E-01 1.6940658945086011E-21 7.4239223360635617E+02 0.0000000000000000E+00
1.0000000000000000E+00 5.0000000000000000E-01 1.6940658945086011E-21 1.3977036719488920E+03 0.0000000000000000E+00
1.0000000000000000E+00 5.5000000000000004E-01 1.6940658945086011E-21 2.0391523547583729E+03 0.0000000000000000E+00
1.0000000000000000E+00 6.0000000000000009E-01 0.0000000000000000E+00 2.6856431311332331E+03 0.0000000000000000E+00
1.0000000000000000E+00 6.5000000000000002E-01 0.0000000000000000E+00 3.3814640694616160E+03 0.0000000000000000E+00
1.0000000000000000E+00 7.0000000000000007E-01 0.0000000000000000E+00 4.2203638007628424E+03 0.0000000000000000E+00
1.0000000000000000E+00 7.5000000000000000E-01 0.0000000000000000E+00 5.3748210292131844E+03 0.0000000000000000E+00
1.0000000000000000E+00 8.0000000000000004E-01 0.0000000000000000E+00 7.0838658379205872E+03 0.0000000000000000E+00
1.0000000000000000E+00 8.5000000000000009E-01 0.0000000000000000E+00 9.3465479264751993E+03 0.0000000000000000E+00
1.0000000000000000E+00 9.0000000000000002E-01 0.0000000000000000E+00 1.0815270144112510E+04 0.0000000000000000E+00
1.0000000000000000E+00 9.5000000000000007E-01 -1.6940658945086011E-21 7.3629073847111104E+03 0.0000000000000000E+00
1.0000000000000000E+00 1.0000000000000000E+00 0.0000000000000000E+00 7.3629073847111104E+03 6.2325949684244906E+00
