# x y stream-function vorticity temperature
# Unflattened from original Fortran order: Do I=1,NQ; Do j=1,NX+2; Do k=1,NY+2
# NQ=3, NX=19, NY=19, total_nodes_x=21, total_nodes_y=21
0.0000000000000000E+00 0.0000000000000000E+00 3.0493186101154812E-20 4.8562599143363492E+04 -3.9410145135423602E+00
0.0000000000000000E+00 5.0000000000000003E-02 2.7105054312137611E-20 4.8562599143363492E+04 1.0000000000000000E+00
0.0000000000000000E+00 1.0000000000000001E-01 1.7618285302889449E-19 8.4944243269393883E+03 1.0000000000000000E+00
0.0000000000000000E+00 1.5000000000000002E-01 1.4399560103323111E-19 1.2884795520032010E+03 1.0000000000000000E+00
0.0000000000000000E+00 2.0000000000000001E-01 2.0328790734103211E-20 1.6126275680270380E+03 1.0000000000000000E+00
0.0000000000000000E+00 2.5000000000000000E-01 1.2366681029912780E-19 2.8516002029222568E+03 1.0000000000000000E+00
0.0000000000000000E+00 3.0000000000000004E-01 -2.2022856628611809E-19 3.0035704283815271E+03 1.0000000000000000E+00
0.0000000000000000E+00 3.5000000000000003E-01 2.9476746564449652E-19 2.6701188812832320E+03 1.0000000000000000E+00
0.0000000000000000E+00 4.0000000000000002E-01 -8.3009228830921433E-20 2.2601344465869111E+03 1.0000000000000000E+00
0.0000000000000000E+00 4.5000000000000001E-01 2.1175823681357511E-19 1.8308365886074789E+03 1.0000000000000000E+00
0.0000000000000000E+00 5.0000000000000000E-01 -2.2022856628611809E-20 1.3739521286016591E+03 1.0000000000000000E+00
0.0000000000000000E+00 5.5000000000000004E-01 -3.3881317890172008E-20 8.9388981113840771E+02 1.0000000000000000E+00
0.0000000000000000E+00 6.0000000000000009E-01 4.7264438456789959E-19 3.8544084988908043E+02 1.0000000000000000E+00
0.0000000000000000E+00 6.5000000000000002E-01 2.5749801596530730E-19 -1.9410389079957241E+02 1.0000000000000000E+00
0.0000000000000000E+00 7.0000000000000007E-01 1.6601845766184289E-19 -9.0711238124320948E+02 1.0000000000000000E+00
0.0000000000000000E+00 7.5000000000000000E-01 1.6940658945086010E-20 -1.6908393506926291E+03 1.0000000000000000E+00
0.0000000000000000E+00 8.0000000000000004E-01 2.6258021364883311E-19 -1.8299365464078860E+03 1.0000000000000000E+00
0.0000000000000000E+00 8.5000000000000009E-01 -2.2192263218062669E-19 -4.6987481873671572E+02 1.0000000000000000E+00
0.0000000000000000E+00 9.0000000000000002E-01 1.5246593050577409E-20 -5.0638780884306934E+03 1.0000000000000000E+00
0.0000000000000000E+00 9.5000000000000007E-01 -3.0493186101154812E-20 -5.6649842442346038E+04 1.0000000000000000E+00
0.0000000000000000E+00 1.0000000000000000E+00 1.8634724839594610E-20 -5.6649852217860709E+04 7.4576122283985828E+00
5.0000000000000003E-02 0.0000000000000000E+00 7.2844833463869829E-20 4.8562599143363492E+04 -8.8820290270847195E+00
5.0000000000000003E-02 5.0000000000000003E-02 2.3600635424441080E+01 -4.0483674956117327E+04 -9.1422985751572163E+00
5.0000000000000003E-02 1.0000000000000001E-01 7.4991585249946873E+00 1.0091312697268710E+03 -9.9231072193747067E+00
5.0000000000000003E-02 1.5000000000000002E-01 2.4650259986192751E+00 3.3391031163674670E+03 -6.4543559035443430E+00
5.0000000000000003E-02 2.0000000000000001E-01 1.7842679736489460E+00 1.0569878730826040E+03 -3.7131531676469649E+00
5.0000000000000003E-02 2.5000000000000000E-01 2.1368018312198829E+00 -5.7487616375276491E+02 -1.9954709417438881E+00
5.0000000000000003E-02 3.0000000000000004E-01 2.1767796555606349E+00 -7.8286983911293805E+02 -8.1989646413542849E-01
5.0000000000000003E-02 3.5000000000000003E-01 1.9916532234919790E+00 -5.6027016863984898E+02 -1.2736886324552280E-01
5.0000000000000003E-02 4.0000000000000002E-01 1.7474227090864629E+00 -3.2645451635172009E+02 2.7243679615287320E-01
5.0000000000000003E-02 4.5000000000000001E-01 1.4660418355202030E+00 -1.4317287682595020E+02 5.2201688295625137E-01
5.0000000000000003E-02 5.0000000000000000E-01 1.1386855888647920E+00 -1.5058925372955450E+01 6.9374827569634323E-01
5.0000000000000003E-02 5.5000000000000004E-01 7.6982641701733523E-01 5.9803723502514558E+01 8.2657664648279117E-01
5.0000000000000003E-02 6.0000000000000009E-01 3.6531200246503198E-01 1.0586708000876590E+02 9.5976925650414247E-01
5.0000000000000003E-02 6.5000000000000002E-01 -8.5006241648100861E-02 1.8419280772382291E+02 1.1692495196807089E+00
5.0000000000000003E-02 7.0000000000000007E-01 -5.9715936473837816E-01 3.8104232982647648E+02 1.6269116301240649E+00
5.0000000000000003E-02 7.5000000000000000E-01 -1.1170913270237599E+00 7.0065959642883081E+02 2.7294230115281781E+00
5.0000000000000003E-02 8.0000000000000004E-01 -1.3492467959372261E+00 4.2168087907207911E+02 5.2344936676693674E+00
5.0000000000000003E-02 8.5000000000000009E-01 -1.4063458393332671E+00 -2.4354802763367220E+03 9.9470268388786867E+00
5.0000000000000003E-02 9.0000000000000002E-01 -5.8569493354575810E+00 -3.9289218093151630E+03 1.8148772572680581E+01
5.0000000000000003E-02 9.5000000000000007E-01 -2.7334309179955191E+01 4.7697344807901638E+04 1.4973611485768020E+01
5.0000000000000003E-02 1.0000000000000000E+00 -1.1858461261560200E-20 -5.6649861993375373E+04 1.3915224456797169E+01
1.0000000000000001E-01 0.0000000000000000E+00 1.0164395367051600E-19 -3.4417628062883668E+04 -8.1327815952179652E+00
1.0000000000000001E-01 5.0000000000000003E-02 -1.4305807233792500E+01 3.4501319787896391E+04 -4.5797794371655263E+00
1.0000000000000001E-01 1.0000000000000001E-01 6.4538009264217147E+00 -8.6856531055724427E+03 6.0792270369917887E+00
1.0000000000000001E-01 1.5000000000000002E-01 8.9244355355347018E+00 -5.4014252652905070E+03 1.7605839884781600E+00
1.0000000000000001E-01 2.0000000000000001E-01 5.1777138262148688E+00 -4.6435582371310488E+02 -1.8662732870401579E+00
1.0000000000000001E-01 2.5000000000000000E-01 3.1489692434564249E+00 1.0944107850431980E+02 -1.8877692506147561E+00
1.0000000000000001E-01 3.0000000000000004E-01 2.6214889114199829E+00 -1.3596033473091370E+02 -1.0052070846417509E+00
1.0000000000000001E-01 3.5000000000000003E-01 2.6417350659778158E+00 -3.6171477375364901E+02 -3.8977993268202482E-01
1.0000000000000001E-01 4.0000000000000002E-01 2.7158594621316130E+00 -4.8686676419036849E+02 5.3032913367776864E-03
1.0000000000000001E-01 4.5000000000000001E-01 2.6201268413974730E+00 -5.0227882269929620E+02 2.8976881788841108E-01
1.0000000000000001E-01 5.0000000000000000E-01 2.2812267883672641E+00 -4.2140808012929853E+02 5.1581836650068380E-01
1.0000000000000001E-01 5.5000000000000004E-01 1.7248173899515280E+00 -2.7261439487452247E+02 7.1177135122676471E-01
1.0000000000000001E-01 6.0000000000000009E-01 1.0410955424005210E+00 -9.0090332269865442E+01 9.1407727142266415E-01
1.0000000000000001E-01 6.5000000000000002E-01 3.5230442871393358E-01 8.3089178604206367E+01 1.1963128757863040E+00
1.0000000000000001E-01 7.0000000000000007E-01 -2.3393403732559481E-01 1.4764213816317309E+02 1.6977687477052790E+00
1.0000000000000001E-01 7.5000000000000000E-01 -7.7031010414415035E-01 -7.9753093472223512E+01 2.6768278033534889E+00
1.0000000000000001E-01 8.0000000000000004E-01 -1.8193477882940030E+00 -6.1216282724916243E+02 4.2108824926242763E+00
1.0000000000000001E-01 8.5000000000000009E-01 -4.5078880982374923E+00 1.5454994875295929E+03 2.1754121086811882E+00
1.0000000000000001E-01 9.0000000000000002E-01 -4.5094471385572570E+00 8.6582388393856290E+03 -6.2980188641236916E+00
1.0000000000000001E-01 9.5000000000000007E-01 1.5763078189119870E+01 -3.7700634830323092E+04 4.7119035962466409E+00
1.0000000000000001E-01 1.0000000000000000E+00 -1.8634724839594610E-20 3.7766021953010473E+04 8.3818777497034187E+00
1.5000000000000002E-01 0.0000000000000000E+00 -1.1858461261560200E-20 1.2307356207031460E+03 -5.4028512047706187E+01
1.5000000000000002E-01 5.0000000000000003E-02 -1.0243632457431511E+00 -4.9199429579216867E+03 -4.1847585411562157E+01
1.5000000000000002E-01 1.0000000000000001E-01 6.2513362775896573E+00 -4.2591188870252809E+03 -5.3048055031300674E+00
1.5000000000000002E-01 1.5000000000000002E-01 8.7970614339342248E+00 -4.6462710913833098E+03 -1.1708432920250931E+00
1.5000000000000002E-01 2.0000000000000001E-01 5.4752673812915873E+00 -4.7204862837446939E+02 -1.6028960529085750E+00
1.5000000000000002E-01 2.5000000000000000E-01 2.9364398211946030E+00 5.6240151712325110E+02 -1.4653549423996099E+00
1.5000000000000002E-01 3.0000000000000004E-01 2.2128228547887301E+00 3.6280403408240892E+02 -8.3642531199388159E-01
1.5000000000000002E-01 3.5000000000000003E-01 2.3886582457584749E+00 4.0980422654502803E+01 -3.5463508651636932E-01
1.5000000000000002E-01 4.0000000000000002E-01 2.7233711217995782E+00 -1.7470759621611910E+02 -1.0880861306747860E-02
1.5000000000000002E-01 4.5000000000000001E-01 2.8628374836039940E+00 -2.8624898832775818E+02 2.5551821551936921E-01
1.5000000000000002E-01 5.0000000000000000E-01 2.6809678738642981E+00 -3.0146691780334822E+02 4.7992182346827711E-01
1.5000000000000002E-01 5.5000000000000004E-01 2.1938803695012652E+00 -2.2527553227802451E+02 6.8758286097306198E-01
1.5000000000000002E-01 6.0000000000000009E-01 1.5319498998729659E+00 -9.2098535125416234E+01 9.1088788459834324E-01
1.5000000000000002E-01 6.5000000000000002E-01 8.9527168097465670E-01 1.1191932044113640E+01 1.2056295296964410E+00
1.5000000000000002E-01 7.0000000000000007E-01 4.2518919706833180E-01 -6.1762509458649241E+01 1.6635778661111480E+00
1.5000000000000002E-01 7.5000000000000000E-01 -9.4695951165006037E-02 -4.4821233582401243E+02 2.4277841485995810E+00
1.5000000000000002E-01 8.0000000000000004E-01 -1.6800412589300060E+00 -7.0175234884066867E+02 3.4575504292089629E+00
1.5000000000000002E-01 8.5000000000000009E-01 -5.5047576820583961E+00 2.9733383726536108E+03 3.0191854499993571E+00
1.5000000000000002E-01 9.0000000000000002E-01 -6.2901771052134192E+00 6.9925704667744176E+03 9.7831710650007331E+00
1.5000000000000002E-01 9.5000000000000007E-01 6.4447919026808509E-01 6.7326639443070571E+03 5.7043542109628177E+01
1.5000000000000002E-01 1.0000000000000000E+00 1.3383120566617950E-19 -2.5929565059125762E+03 7.2796999124504012E+01
2.0000000000000001E-01 0.0000000000000000E+00 6.2680438096818225E-20 -1.6167924648695611E+04 -1.9176916125473060E+01
2.0000000000000001E-01 5.0000000000000003E-02 -8.3428397881382992E+00 1.2313034402585679E+04 -1.4827417606743710E+01
2.0000000000000001E-01 1.0000000000000001E-01 2.0698011904592919E+00 -3.1434919517428980E+03 -1.7789220505556409E+00
2.0000000000000001E-01 1.5000000000000002E-01 4.0311036092610948E+00 6.1395118114763795E+02 -2.2403426751767310E+00
2.0000000000000001E-01 2.0000000000000001E-01 3.5195978587323462E+00 5.8231445331999083E+01 -1.4120901841607001E+00
2.0000000000000001E-01 2.5000000000000000E-01 2.1715525789138268E+00 6.2794315965624821E+02 -1.1528578750860909E+00
2.0000000000000001E-01 3.0000000000000004E-01 1.7808113064776590E+00 3.9570877518164110E+02 -7.2233329515510214E-01
2.0000000000000001E-01 3.5000000000000003E-01 2.0608009773176108E+00 1.1425997859668280E+02 -3.2718489923688582E-01
2.0000000000000001E-01 4.0000000000000002E-01 2.4742117455011079E+00 -5.3374654029205658E+01 -1.9086788201124129E-03
2.0000000000000001E-01 4.5000000000000001E-01 2.7096513042426622E+00 -1.3240360518890489E+02 2.6442254266236970E-01
2.0000000000000001E-01 5.0000000000000000E-01 2.6452435793286262E+00 -1.4593114195305640E+02 4.9186367090143329E-01
2.0000000000000001E-01 5.5000000000000004E-01 2.2934232993510122E+00 -1.0066421617892260E+02 7.0525405966007326E-01
2.0000000000000001E-01 6.0000000000000009E-01 1.7798242896254470E+00 -2.1664719215699929E+01 9.3733305246374032E-01
2.0000000000000001E-01 6.5000000000000002E-01 1.2933826693666031E+00 1.9203731743209261E+01 1.2353805290155839E+00
2.0000000000000001E-01 7.0000000000000007E-01 9.4541671892740919E-01 -9.3188458963602699E+01 1.6637879519071761E+00
2.0000000000000001E-01 7.5000000000000000E-01 5.2567713271028449E-01 -4.4831798144206618E+02 2.2849349963583130E+00
2.0000000000000001E-01 8.0000000000000004E-01 -6.5064627766781447E-01 -7.1884054245391951E+02 3.0479169458039772E+00
2.0000000000000001E-01 8.5000000000000009E-01 -2.7228433702849739E+00 4.1550176983410148E+02 3.6809679269296640E+00
2.0000000000000001E-01 9.0000000000000002E-01 -1.6319784175262559E+00 3.4167627962695010E+03 2.9903648814383650E+00
2.0000000000000001E-01 9.5000000000000007E-01 9.9366760395560956E+00 -1.4677067171446750E+04 2.1964945905691419E+01
2.0000000000000001E-01 1.0000000000000000E+00 -3.3881317890172010E-21 1.9262551585094861E+04 2.8289806247109091E+01
2.5000000000000000E-01 0.0000000000000000E+00 -3.7269449679189209E-20 -4.8522077838395862E+03 -2.3989202475749199E+01
2.5000000000000000E-01 5.0000000000000003E-02 -3.6342101734125620E+00 9.8231141142798606E+02 -1.9448292808966858E+01
2.5000000000000000E-01 1.0000000000000001E-01 4.5977273819521519E-01 -1.6254719995234400E+03 -5.8255638086198580E+00
2.5000000000000000E-01 1.5000000000000002E-01 2.1016331442979639E+00 -3.9618465199914522E+02 -2.5258426189985812E+00
2.5000000000000000E-01 2.0000000000000001E-01 2.2899963309725080E+00 -1.0417669991933290E+02 -1.4970536800812531E+00
2.5000000000000000E-01 2.5000000000000000E-01 1.7568361360966691E+00 2.6801396949527822E+02 -1.0693238044617459E+00
2.5000000000000000E-01 3.0000000000000004E-01 1.6094617647915610E+00 2.1902408512019389E+02 -6.8784101340306503E-01
2.5000000000000000E-01 3.5000000000000003E-01 1.8798423280662291E+00 7.5046477013128367E+01 -3.2515938639179881E-01
2.5000000000000000E-01 4.0000000000000002E-01 2.2628182888932140E+00 -3.0437145995948381E+01 -6.0484779962326632E-03
2.5000000000000000E-01 4.5000000000000001E-01 2.5145146996038781E+00 -7.8767317670771064E+01 2.6486791245933389E-01
2.5000000000000000E-01 5.0000000000000000E-01 2.5229402940560339E+00 -7.7481787863547410E+01 5.0000125926043248E-01
2.5000000000000000E-01 5.5000000000000004E-01 2.2960438267177539E+00 -3.9416201534279921E+01 7.2195252440642077E-01
2.5000000000000000E-01 6.0000000000000009E-01 1.9356431903595810E+00 1.0354306131026171E+01 9.6252743992825041E-01
2.5000000000000000E-01 6.5000000000000002E-01 1.5789821138520190E+00 2.3152962799925660E+01 1.2654001788651030E+00
2.5000000000000000E-01 7.0000000000000007E-01 1.2797088212584180E+00 -6.1530265626775538E+01 1.6848721609793429E+00
2.5000000000000000E-01 7.5000000000000000E-01 8.6294434073264870E-01 -2.4661817991527570E+02 2.2636544729281218E+00
2.5000000000000000E-01 8.0000000000000004E-01 -4.1881854445289281E-02 -2.5785596931153799E+02 3.0149004261777890E+00
2.5000000000000000E-01 8.5000000000000009E-01 -1.2733276369003721E+00 5.9323404362582414E+02 4.3236563090327707E+00
2.5000000000000000E-01 9.0000000000000002E-01 -8.5676811386629304E-01 3.3325993336089791E+03 9.6563505972648258E+00
2.5000000000000000E-01 9.5000000000000007E-01 4.0415343633389531E+00 -6.3964655873787376E+02 3.1459941099242020E+01
2.5000000000000000E-01 1.0000000000000000E+00 4.0996394647108141E-19 5.1696672615709558E+03 3.8727804599901077E+01
3.0000000000000004E-01 0.0000000000000000E+00 1.8634724839594610E-20 -6.6593444742625315E+03 -1.7341942017393340E+01
3.0000000000000004E-01 5.0000000000000003E-02 -4.1979950419492953E+00 3.2435011481107540E+03 -1.4380941190573591E+01
3.0000000000000004E-01 1.0000000000000001E-01 -1.4667434594011011E+00 1.3754611822102439E+02 -5.4979387101143633E+00
3.0000000000000004E-01 1.5000000000000002E-01 7.7159717346103462E-01 -5.4483919189406151E+02 -2.7745622670786561E+00
3.0000000000000004E-01 2.0000000000000001E-01 1.5355771479087701E+00 -3.1901949557490173E+02 -1.6357940535797779E+00
3.0000000000000004E-01 2.5000000000000000E-01 1.5266380440432830E+00 -2.2421765590611649E+01 -1.0806125614817299E+00
3.0000000000000004E-01 3.0000000000000004E-01 1.5389702994342580E+00 6.8861653573797852E+01 -6.7724734386263963E-01
3.0000000000000004E-01 3.5000000000000003E-01 1.7775809646077230E+00 3.5545031114336858E+01 -3.2331443158697443E-01
3.0000000000000004E-01 4.0000000000000002E-01 2.1128876666414742E+00 -2.3765956618004250E+01 -1.1746492997584859E-02
3.0000000000000004E-01 4.5000000000000001E-01 2.3675990300210561E+00 -5.9658143183612736E+01 2.5845224257136362E-01
3.0000000000000004E-01 5.0000000000000000E-01 2.4397811500770401E+00 -5.9389211909445471E+01 4.9814764445523640E-01
3.0000000000000004E-01 5.5000000000000004E-01 2.3265502935164570E+00 -3.2267080139180948E+01 7.2722474977533968E-01
3.0000000000000004E-01 6.0000000000000009E-01 2.0991133208599879E+00 -1.6812398263008921E+00 9.7454941992151056E-01
3.0000000000000004E-01 6.5000000000000002E-01 1.8414398618353349E+00 5.4262215423494564E-01 1.2799313211062291E+00
3.0000000000000004E-01 7.0000000000000007E-01 1.5587318684066600E+00 -4.3496266366481613E+01 1.6943132998940591E+00
3.0000000000000004E-01 7.5000000000000000E-01 1.1169839797707479E+00 -7.2247927131848769E+01 2.2731586474295220E+00
3.0000000000000004E-01 8.0000000000000004E-01 4.0447344807308699E-01 1.4384140497713520E+02 3.1098991067945998E+00
3.0000000000000004E-01 8.5000000000000009E-01 -2.0276549886472948E-02 7.5773919506156778E+02 4.6590779360443344E+00
3.0000000000000004E-01 9.0000000000000002E-01 1.6461107279539600E+00 3.1260592534590410E+02 8.4456691887718218E+00
3.0000000000000004E-01 9.5000000000000007E-01 5.4871130831639432E+00 -4.7764190707189246E+03 2.2942469358279990E+01
3.0000000000000004E-01 1.0000000000000000E+00 -8.4703294725430034E-21 8.9727489636124337E+03 2.7774736081449380E+01
3.5000000000000003E-01 0.0000000000000000E+00 5.0821976835258020E-21 -5.2315407106118664E+03 -1.4670277489570770E+01
3.5000000000000003E-01 5.0000000000000003E-02 -3.5822734230469622E+00 1.8656254621351800E+03 -1.2553631689663700E+01
3.5000000000000003E-01 1.0000000000000001E-01 -2.2358442301891528E+00 1.1152105689984209E+02 -6.2036942899424812E+00
3.5000000000000003E-01 1.5000000000000002E-01 -2.9261851006752310E-01 -3.6600049581211101E+02 -3.0252703327204462E+00
3.5000000000000003E-01 2.0000000000000001E-01 7.9932794066434276E-01 -3.0102766800824998E+02 -1.7296535314304211E+00
3.5000000000000003E-01 2.5000000000000000E-01 1.1938767156983969E+00 -1.1031662560054430E+02 -1.0892547930001171E+00
3.5000000000000003E-01 3.0000000000000004E-01 1.3992950096203169E+00 -1.1996941878445451E+00 -6.6237655150587327E-01
3.5000000000000003E-01 3.5000000000000003E-01 1.6686487868383439E+00 1.1647854534886640E+01 -3.1432208958528363E-01
3.5000000000000003E-01 4.0000000000000002E-01 1.9915469298543771E+00 -1.8665066554882330E+01 -1.2722091273633740E-02
3.5000000000000003E-01 4.5000000000000001E-01 2.2615566613333842E+00 -4.6254766770211504E+01 2.5264112548700618E-01
3.5000000000000003E-01 5.0000000000000000E-01 2.3979388003381752E+00 -5.1341730280526498E+01 4.9326114102284069E-01
3.5000000000000003E-01 5.5000000000000004E-01 2.3893925317761919E+00 -3.7158404557311421E+01 7.2660145625799866E-01
3.5000000000000003E-01 6.0000000000000009E-01 2.2795971869327931E+00 -2.1491305830125519E+01 9.7774323323279877E-01
3.5000000000000003E-01 6.5000000000000002E-01 2.1150171008746721E+00 -2.4783126172051400E+01 1.2815611386801229E+00
3.5000000000000003E-01 7.0000000000000007E-01 1.8816288860276920E+00 -4.5442659511339201E+01 1.6858113347686730E+00
3.5000000000000003E-01 7.5000000000000000E-01 1.4987359169131300E+00 -1.3479765512513380E+01 2.2609762029393781E+00
3.5000000000000003E-01 8.0000000000000004E-01 1.0007931159433721E+00 2.2534113686670199E+02 3.1748396948422362E+00
3.5000000000000003E-01 8.5000000000000009E-01 9.3459713711335213E-01 6.8518175684029325E+02 5.0794390804002036E+00
3.5000000000000003E-01 9.0000000000000002E-01 2.2775873936515239E+00 7.4811347690100183E+02 1.0317663823704979E+01
3.5000000000000003E-01 9.5000000000000007E-01 4.3197592086945873E+00 -2.2198988359808750E+03 2.1219946473536542E+01
3.5000000000000003E-01 1.0000000000000000E+00 7.1150767569361228E-20 6.2936634036711184E+03 2.4854040690147059E+01
4.0000000000000002E-01 0.0000000000000000E+00 -7.4538899358378430E-20 -4.5581479161794532E+03 -1.2717031781345661E+01
4.0000000000000002E-01 5.0000000000000003E-02 -3.2311906257115202E+00 1.3614385617640189E+03 -1.1053094672520780E+01
4.0000000000000002E-01 1.0000000000000001E-01 -2.9666642116237441E+00 7.0749865772960231E+02 -6.0612833460461646E+00
4.0000000000000002E-01 1.5000000000000002E-01 -1.2648276112613530E+00 -1.3151388970227481E+02 -3.1557852116403842E+00
4.0000000000000002E-01 2.0000000000000001E-01 4.5083405439717353E-02 -2.3898692010870610E+02 -1.7992376686826110E+00
4.0000000000000002E-01 2.5000000000000000E-01 7.5780441439493296E-01 -1.3479995148882810E+02 -1.0975345374822290E+00
4.0000000000000002E-01 3.0000000000000004E-01 1.1742687731416930E+00 -4.1926949467294172E+01 -6.4890439429071700E-01
4.0000000000000002E-01 3.5000000000000003E-01 1.5293384026297301E+00 -1.0414750929712680E+01 -3.0321415211076369E-01
4.0000000000000002E-01 4.0000000000000002E-01 1.8794789403096150E+00 -1.9379498994832510E+01 -1.0024259994346651E-02
4.0000000000000002E-01 4.5000000000000001E-01 2.1798628277091541E+00 -3.6440938498818937E+01 2.4980223933400020E-01
4.0000000000000002E-01 5.0000000000000000E-01 2.3780175258365248E+00 -4.2495713243993087E+01 4.8963831326143681E-01
4.0000000000000002E-01 5.5000000000000004E-01 2.4618259017251698E+00 -3.6227711990838749E+01 7.2528740528857127E-01
4.0000000000000002E-01 6.0000000000000009E-01 2.4569891588903880E+00 -2.8969950763940421E+01 9.7827702804931915E-01
4.0000000000000002E-01 6.5000000000000002E-01 2.3899231460073369E+00 -3.2831764367590537E+01 1.2789548000732980E+00
4.0000000000000002E-01 7.0000000000000007E-01 2.2481572198981419E+00 -3.9477750228512591E+01 1.6731377684978579E+00
4.0000000000000002E-01 7.5000000000000000E-01 1.9997278336545270E+00 7.2067244818102401E+00 2.2446393856125590E+00
4.0000000000000002E-01 8.0000000000000004E-01 1.7520535811214091E+00 1.9152377949774819E+02 3.2076772139139962E+00
4.0000000000000002E-01 8.5000000000000009E-01 1.9928215910604199E+00 3.9406590730838627E+02 5.2275980677180467E+00
4.0000000000000002E-01 9.0000000000000002E-01 3.2851762613501889E+00 -4.4053216701732310E+02 9.9905442146627124E+00
4.0000000000000002E-01 9.5000000000000007E-01 3.9645891026153421E+00 -1.8655040138485849E+03 1.8971636998307300E+01
4.0000000000000002E-01 1.0000000000000000E+00 1.2366681029912780E-19 5.6902616239741919E+03 2.1965334592855491E+01
4.5000000000000001E-01 0.0000000000000000E+00 8.4703294725430034E-20 -4.0654345224685048E+03 -1.1188006228608341E+01
4.5000000000000001E-01 5.0000000000000003E-02 -2.9722283623302470E+00 9.9752118793474972E+02 -9.8893421568315087E+00
4.5000000000000001E-01 1.0000000000000001E-01 -3.3868723404424750E+00 7.6459322315072563E+02 -5.9933499415010179E+00
4.5000000000000001E-01 1.5000000000000002E-01 -2.0520582685067992E+00 2.1769901409148769E+01 -3.2717887706608519E+00
4.5000000000000001E-01 2.0000000000000001E-01 -6.7159309720726179E-01 -1.7783318830307229E+02 -1.8668829893017900E+00
4.5000000000000001E-01 2.5000000000000000E-01 2.7307605144179548E-01 -1.4240740861254341E+02 -1.1138445925388070E+00
4.5000000000000001E-01 3.0000000000000004E-01 8.9018681598173210E-01 -7.2164000324415952E+01 -6.4231773816136195E-01
4.5000000000000001E-01 3.5000000000000003E-01 1.3605423455351120E+00 -3.3407219485535961E+01 -2.9406484253158538E-01
4.5000000000000001E-01 4.0000000000000002E-01 1.7682370051850571E+00 -2.6752391232237152E+01 -5.8517193446882294E-03
4.5000000000000001E-01 4.5000000000000001E-01 2.1128487530040658E+00 -3.2734594152517552E+01 2.4943621524611109E-01
4.5000000000000001E-01 5.0000000000000000E-01 2.3698054275554372E+00 -3.5444387139719467E+01 4.8793233311292122E-01
4.5000000000000001E-01 5.5000000000000004E-01 2.5331775946457369E+00 -3.0814402173143488E+01 7.2475395010896715E-01
4.5000000000000001E-01 6.0000000000000009E-01 2.6218908998452819E+00 -2.4898882769306521E+01 9.7870431325488616E-01
4.5000000000000001E-01 6.5000000000000002E-01 2.6567824851482560E+00 -2.4548318176355931E+01 1.2768183507561739E+00
4.5000000000000001E-01 7.0000000000000007E-01 2.6357212376546379E+00 -2.1484273395831590E+01 1.6648306187490449E+00
4.5000000000000001E-01 7.5000000000000000E-01 2.5538204302601701E+00 2.3410489497413110E+01 2.2400606803018488E+00
4.5000000000000001E-01 8.0000000000000004E-01 2.5126056422276539E+00 1.5807059900465671E+02 3.2598014708712149E+00
4.5000000000000001E-01 8.5000000000000009E-01 2.8383597789839992E+00 2.6899961595847628E+02 5.4453639712643174E+00
4.5000000000000001E-01 9.0000000000000002E-01 3.7276197647292659E+00 -3.8741193098741928E+02 1.0234669135521120E+01
4.5000000000000001E-01 9.5000000000000007E-01 3.5896607668042462E+00 -1.3598700526434411E+03 1.7331336327795199E+01
4.5000000000000001E-01 1.0000000000000000E+00 4.4045713257223618E-20 4.9875303856370356E+03 1.9696892058553232E+01
5.0000000000000000E-01 0.0000000000000000E+00 -2.2022856628611809E-20 -3.6958505138095829E+03 -1.0014217751930291E+01
5.0000000000000000E-01 5.0000000000000003E-02 -2.7770474390090021E+00 7.2678737262746881E+02 -8.9657229948601280E+00
5.0000000000000000E-01 1.0000000000000001E-01 -3.7032045347271580E+00 8.5337348963083275E+02 -5.8202387236496520E+00
5.0000000000000000E-01 1.5000000000000002E-01 -2.7232588339460380E+00 1.7538016410289489E+02 -3.3326463167160911E+00
5.0000000000000000E-01 2.0000000000000001E-01 -1.3471918734270409E+00 -1.0412288564488250E+02 -1.9249359703340481E+00
5.0000000000000000E-01 2.5000000000000000E-01 -2.3453590237659330E-01 -1.3213795715152821E+02 -1.1356822370124371E+00
5.0000000000000000E-01 3.0000000000000004E-01 5.6414376984662939E-01 -8.9759619020733425E+01 -6.4230253809943372E-01
5.0000000000000000E-01 3.5000000000000003E-01 1.1639117059035049E+00 -5.3229671735001297E+01 -2.8798333337778498E-01
5.0000000000000000E-01 4.0000000000000002E-01 1.6512372490281331E+00 -3.8009417963393084E+01 -1.6195057713349950E-03
5.0000000000000000E-01 4.5000000000000001E-01 2.0531252783575522E+00 -3.5289122477321030E+01 2.5043641867447269E-01
5.0000000000000000E-01 5.0000000000000000E-01 2.3684979530923438E+00 -3.3087253608245462E+01 4.8744776159054809E-01
5.0000000000000000E-01 5.5000000000000004E-01 2.6021699997535639E+00 -2.6034165657964451E+01 7.2475767628429144E-01
5.0000000000000000E-01 6.0000000000000009E-01 2.7762551009707801E+00 -1.6712045030140789E+01 9.7945639836803489E-01
5.0000000000000000E-01 6.5000000000000002E-01 2.9177060397096679E+00 -1.0184216793143520E+01 1.2763363982897029E+00
5.0000000000000000E-01 7.0000000000000007E-01 3.0391423933513400E+00 -3.8600342779027050E+00 1.6614283540783110E+00
5.0000000000000000E-01 7.5000000000000000E-01 3.1446738940779180E+00 2.1237245701311110E+01 2.2414970645204502E+00
5.0000000000000000E-01 8.0000000000000004E-01 3.2884355734015940E+00 8.2912409330349647E+01 3.2987084966251490E+00
5.0000000000000000E-01 8.5000000000000009E-01 3.6276747155205991E+00 6.3483049101380793E+01 5.5533602564147841E+00
5.0000000000000000E-01 9.0000000000000002E-01 4.1091110472042542E+00 -6.0970188243350651E+02 1.0119817748353990E+01
5.0000000000000000E-01 9.5000000000000007E-01 3.2667589669455590E+00 -9.7066337291381626E+02 1.6030954377361610E+01
5.0000000000000000E-01 1.0000000000000000E+00 -3.1679032227310828E-19 4.4054446665322084E+03 1.8001333253697471E+01
5.5000000000000004E-01 0.0000000000000000E+00 8.1315162936412833E-20 -3.3949618300559928E+03 -9.0801461365703258E+00
5.5000000000000004E-01 5.0000000000000003E-02 -2.6157883732600480E+00 5.1203175138362917E+02 -8.2185043704289953E+00
5.5000000000000004E-01 1.0000000000000001E-01 -3.9245056591836489E+00 8.6935614171413033E+02 -5.6335790720050039E+00
5.5000000000000004E-01 1.5000000000000002E-01 -3.2826602560883882E+00 2.8708660166705249E+02 -3.3680216215178680E+00
5.5000000000000004E-01 2.0000000000000001E-01 -1.9695117365177000E+00 -3.1337897300666199E+01 -1.9762466653980060E+00
5.5000000000000004E-01 2.5000000000000000E-01 -7.4490580085103431E-01 -1.0909680268079320E+02 -1.1605426512994410E+00
5.5000000000000004E-01 3.0000000000000004E-01 2.1026723719377521E-01 -9.5362085609485973E+01 -6.4699556540381409E-01
5.5000000000000004E-01 3.5000000000000003E-01 9.4188516624391039E-01 -6.7482602433397957E+01 -2.8483718973856892E-01
5.5000000000000004E-01 4.0000000000000002E-01 1.5225288824214600E+00 -4.9733933339110763E+01 1.6865361160259360E-03
5.5000000000000004E-01 4.5000000000000001E-01 1.9923246929995171E+00 -4.1358188396269469E+01 2.5142607503077019E-01
5.5000000000000004E-01 5.0000000000000000E-01 2.3676085124453730E+00 -3.4351105836309053E+01 4.8681197970334172E-01
5.5000000000000004E-01 5.5000000000000004E-01 2.6658283061430068E+00 -2.3157966902469159E+01 7.2415342267723004E-01
5.5000000000000004E-01 6.0000000000000009E-01 2.9196580969633370E+00 -8.5489615693647618E+00 9.7983231290604966E-01
5.5000000000000004E-01 6.5000000000000002E-01 3.1713465040334148E+00 3.3360575819888130E+00 1.2772429964018519E+00
5.5000000000000004E-01 7.0000000000000007E-01 3.4515689922310631E+00 5.7493206332918616E+00 1.6622173536319671E+00
5.5000000000000004E-01 7.5000000000000000E-01 3.7582390193271769E+00 -1.3333364487497541E+00 2.2465385128956799E+00
5.5000000000000004E-01 8.0000000000000004E-01 4.0601190568223791E+00 -1.1553623417006611E+01 3.3290680774643731E+00
5.5000000000000004E-01 8.5000000000000009E-01 4.3218936241306318E+00 -9.3680844633471978E+01 5.6387796224950444E+00
5.5000000000000004E-01 9.0000000000000002E-01 4.3319050258437324E+00 -6.4179473615205404E+02 1.0035712784143900E+01
5.5000000000000004E-01 9.5000000000000007E-01 2.9416055491691360E+00 -6.3655343086390724E+02 1.5018846735096210E+01
5.5000000000000004E-01 1.0000000000000000E+00 -3.5575383784680608E-20 3.8482053732360000E+03 1.6679891385413651E+01
6.0000000000000009E-01 0.0000000000000000E+00 -1.6940658945086010E-20 -3.1496565408598531E+03 -8.3189960078886873E+00
6.0000000000000009E-01 5.0000000000000003E-02 -2.4815209782391330E+00 3.4366291143799577E+02 -7.5991750973645580E+00
6.0000000000000009E-01 1.0000000000000001E-01 -4.0820256445186649E+00 8.6070738930612924E+02 -5.4397123657921647E+00
6.0000000000000009E-01 1.5000000000000002E-01 -3.7513030144699329E+00 3.8022557052942750E+02 -3.3791171331766372E+00
6.0000000000000009E-01 2.0000000000000001E-01 -2.5332166932586331E+00 3.9358721779600948E+01 -2.0175375018146560E+00
6.0000000000000009E-01 2.5000000000000000E-01 -1.2402099589048210E+00 -8.1068786356971302E+01 -1.1839256028600360E+00
6.0000000000000009E-01 3.0000000000000004E-01 -1.5687398142848760E-01 -9.4709693768371253E+01 -6.5333117209641545E-01
6.0000000000000009E-01 3.5000000000000003E-01 6.9919655728064323E-01 -7.7199587203029466E+01 -2.8372175130941402E-01
6.0000000000000009E-01 4.0000000000000002E-01 1.3787729178294630E+00 -5.8769134691303677E+01 3.3449251335883109E-03
6.0000000000000009E-01 4.5000000000000001E-01 1.9237508410361930E+00 -4.5041431887872378E+01 2.5075659029435859E-01
6.0000000000000009E-01 5.0000000000000000E-01 2.3605780662443978E+00 -3.1975113011385449E+01 4.8384302471074547E-01
6.0000000000000009E-01 5.5000000000000004E-01 2.7183110656389800E+00 -1.4677743316440701E+01 7.2033688509830696E-01
6.0000000000000009E-01 6.0000000000000009E-01 3.0442263826147138E+00 6.8004845051953016E+00 9.7676120798085675E-01
6.0000000000000009E-01 6.5000000000000002E-01 3.4028208265414599E+00 2.3276967736664329E+01 1.2758224840328520E+00
6.0000000000000009E-01 7.0000000000000007E-01 3.8491321552098610E+00 1.4858038756768140E+01 1.6625322896254140E+00
6.0000000000000009E-01 7.5000000000000000E-01 4.3715390378577368E+00 -4.0122697163731239E+01 2.2492347149054468E+00
6.0000000000000009E-01 8.0000000000000004E-01 4.8273591585642146E+00 -1.3553092225152380E+02 3.3407238115293212E+00
6.0000000000000009E-01 8.5000000000000009E-01 4.9555714664081600E+00 -2.5794177203570979E+02 5.6705452379505044E+00
6.0000000000000009E-01 9.0000000000000002E-01 4.4341179197405891E+00 -6.0531567492966838E+02 9.9177393195781764E+00
6.0000000000000009E-01 9.5000000000000007E-01 2.5763745793005590E+00 -3.0273872848992539E+02 1.4209774092916859E+01
6.0000000000000009E-01 1.0000000000000000E+00 1.7957098481791170E-19 3.2430206100347432E+03 1.5640452350696419E+01
6.5000000000000002E-01 0.0000000000000000E+00 7.9621097041904232E-20 -2.9487637213018552E+03 -7.6862190914086774E+00
6.5000000000000002E-01 5.0000000000000003E-02 -2.3691125909779451E+00 2.1165739370877509E+02 -7.0763791801782272E+00
6.5000000000000002E-01 1.0000000000000001E-01 -4.1928223382179368E+00 8.3906178797854000E+02 -5.2468594464868792E+00
6.5000000000000002E-01 1.5000000000000002E-01 -4.1374984046429271E+00 4.5081070218630248E+02 -3.3699212700454360E+00
6.5000000000000002E-01 2.0000000000000001E-01 -3.0309213207041519E+00 9.4084405953156661E+01 -2.0444126053116638E+00
6.5000000000000002E-01 2.5000000000000000E-01 -1.7088945022567390E+00 -6.2678867212576371E+01 -1.2005386389791590E+00
6.5000000000000002E-01 3.0000000000000004E-01 -5.3038907899078758E-01 -9.7825916094545548E+01 -6.5829954129502566E-01
6.5000000000000002E-01 3.5000000000000003E-01 4.3787704580800108E-01 -8.6456362865550332E+01 -2.8364522602244741E-01
6.5000000000000002E-01 4.0000000000000002E-01 1.2216927621435110E+00 -6.3864393280032182E+01 3.3298125827854498E-03
6.5000000000000002E-01 4.5000000000000001E-01 1.8529181116724309E+00 -4.0431297455562976E+01 2.4794718949200559E-01
6.5000000000000002E-01 5.0000000000000000E-01 2.3576943478072301E+00 -1.5502202732754780E+01 4.7758022579543369E-01
6.5000000000000002E-01 5.5000000000000004E-01 2.7721546643398538E+00 1.4624447765852651E+01 7.1141027001540835E-01
6.5000000000000002E-01 6.0000000000000009E-01 3.1584153325930089E+00 5.0269834978106999E+01 9.6661249103144253E-01
6.5000000000000002E-01 6.5000000000000002E-01 3.6063415040627911E+00 7.9102744732814287E+01 1.2654925744954870E+00
6.5000000000000002E-01 7.0000000000000007E-01 4.2036436013055418E+00 6.4002441866940615E+01 1.6512453081930720E+00
6.5000000000000002E-01 7.5000000000000000E-01 4.9450140724252671E+00 -5.3634648353629913E+01 2.2337545930559610E+00
6.5000000000000002E-01 8.0000000000000004E-01 5.5782236499726032E+00 -2.7761145654251942E+02 3.3199963150822138E+00
6.5000000000000002E-01 8.5000000000000009E-01 5.5629278609610369E+00 -4.4956163604292522E+02 5.6545107382851860E+00
6.5000000000000002E-01 9.0000000000000002E-01 4.4594525301090462E+00 -5.8265434003434962E+02 9.8480345955229023E+00
6.5000000000000002E-01 9.5000000000000007E-01 2.1729280045119039E+00 -7.6401143714882934E+01 1.3696800587803450E+01
6.5000000000000002E-01 1.0000000000000000E+00 2.3208702754767829E-19 2.6457156537616170E+03 1.4979722585230300E+01
7.0000000000000007E-01 0.0000000000000000E+00 -1.1011428314305900E-19 -2.7799949084349569E+03 -7.1499046921827354E+00
7.0000000000000007E-01 5.0000000000000003E-02 -2.2729635474130672E+00 1.0487746565357030E+02 -6.6262309163058344E+00
7.0000000000000007E-01 1.0000000000000001E-01 -4.2656943913810004E+00 8.0384486578574729E+02 -5.0552095886751349E+00
7.0000000000000007E-01 1.5000000000000002E-01 -4.4500127926827950E+00 4.9068616448265811E+02 -3.3388627093168770E+00
7.0000000000000007E-01 2.0000000000000001E-01 -3.4728050832310271E+00 1.1663061030302350E+02 -2.0535040104316571E+00
7.0000000000000007E-01 2.5000000000000000E-01 -2.1709520876728861E+00 -6.2941349328106973E+01 -1.2110598272302431E+00
7.0000000000000007E-01 3.0000000000000004E-01 -9.3413410571903699E-01 -1.0646120839985851E+02 -6.6497776408758869E-01
7.0000000000000007E-01 3.5000000000000003E-01 1.4332003548541611E-01 -9.5556269166947629E+01 -2.8654988228722261E-01
7.0000000000000007E-01 4.0000000000000002E-01 1.0564623757798910E+00 -6.7912890551856179E+01 2.5750952313058260E-03
7.0000000000000007E-01 4.5000000000000001E-01 1.8090602533905431E+00 -3.3019820639739180E+01 2.4689611641425960E-01
7.0000000000000007E-01 5.0000000000000000E-01 2.4109084615735461E+00 1.0113937066823800E+01 4.7418234981235868E-01
7.0000000000000007E-01 5.5000000000000004E-01 2.8975254164177291E+00 6.3902043543752598E+01 7.0483207617372245E-01
7.0000000000000007E-01 6.0000000000000009E-01 3.3437223272447349E+00 1.2761288335110640E+02 9.5712262618663857E-01
7.0000000000000007E-01 6.5000000000000002E-01 3.8616299461273602E+00 1.8731363493604641E+02 1.2527915878595310E+00
7.0000000000000007E-01 7.0000000000000007E-01 4.5687609038637271E+00 1.9320027193933331E+02 1.6297222406236891E+00
7.0000000000000007E-01 7.5000000000000000E-01 5.4841829807170184E+00 3.7370218007140068E+01 2.1860001885513869E+00
7.0000000000000007E-01 8.0000000000000004E-01 6.2999440034889327E+00 -3.6770012610108182E+02 3.2292109841193728E+00
7.0000000000000007E-01 8.5000000000000009E-01 6.1691540888642784E+00 -6.8882120181685525E+02 5.5412377576015706E+00
7.0000000000000007E-01 9.0000000000000002E-01 4.3487830254646020E+00 -4.6199953234348101E+02 9.7219997054502869E+00
7.0000000000000007E-01 9.5000000000000007E-01 1.4648820436584751E+00 6.5032848685160980E+02 1.3217821686875130E+01
7.0000000000000007E-01 1.0000000000000000E+00 -2.3378109344218689E-19 1.4326952043418089E+03 1.4383095680683409E+01
7.5000000000000000E-01 0.0000000000000000E+00 -9.6561755986990239E-20 -2.6485524510832129E+03 -6.6914849772186749E+00
7.5000000000000000E-01 5.0000000000000003E-02 -2.1948535353454171E+00 2.9456574325578700E+01 -6.2363746008542362E+00
7.5000000000000000E-01 1.0000000000000001E-01 -4.3163836209004822E+00 7.7931507559881641E+02 -4.8710434717609230E+00
7.5000000000000000E-01 1.5000000000000002E-01 -4.7147012979436784E+00 4.9036758658133931E+02 -3.2909419003114242E+00
7.5000000000000000E-01 2.0000000000000001E-01 -3.9131648009663902E+00 1.1187082301000720E+02 -2.0586292119344551E+00
7.5000000000000000E-01 2.5000000000000000E-01 -2.7009957728554599E+00 -5.2579718506179567E+01 -1.2367503785997971E+00
7.5000000000000000E-01 3.0000000000000004E-01 -1.4353250664265320E+00 -8.7604142310078672E+01 -6.9151119703012176E-01
7.5000000000000000E-01 3.5000000000000003E-01 -2.2371614617462729E-01 -8.5529616309509407E+01 -3.0156344077302971E-01
7.5000000000000000E-01 4.0000000000000002E-01 8.8101919308822496E-01 -7.4900603688727301E+01 1.6208331484681971E-03
7.5000000000000000E-01 4.5000000000000001E-01 1.8306671263616781E+00 -5.0733785403871437E+01 2.5684984855893372E-01
7.5000000000000000E-01 5.0000000000000000E-01 2.6006374815106601E+00 -2.1448586865199668E+00 4.9099092224109481E-01
7.5000000000000000E-01 5.5000000000000004E-01 3.2180373709908210E+00 7.3152533747642238E+01 7.2609386272533150E-01
7.5000000000000000E-01 6.0000000000000009E-01 3.7691069562489030E+00 1.6766928362196441E+02 9.8278125857536125E-01
7.5000000000000000E-01 6.5000000000000002E-01 4.3820674078041320E+00 2.6175230405000462E+02 1.2829722661778200E+00
7.5000000000000000E-01 7.0000000000000007E-01 5.1810808026262958E+00 3.0675696166526512E+02 1.6545328559801900E+00
7.5000000000000000E-01 7.5000000000000000E-01 6.1821150863413861E+00 1.9251018249231640E+02 2.1594319745800590E+00
7.5000000000000000E-01 8.0000000000000004E-01 7.0756312849176473E+00 -2.7990578919919341E+02 3.0584821809569389E+00
7.5000000000000000E-01 8.5000000000000009E-01 6.8697698901626314E+00 -8.9324332210248201E+02 5.2415796467669313E+00
7.5000000000000000E-01 9.0000000000000002E-01 4.3024592104550381E+00 -2.5325027839579269E+02 9.6807402608938915E+00
7.5000000000000000E-01 9.5000000000000007E-01 9.6363841023966545E-01 7.4004484190203598E+01 1.4116127524712621E+01
7.5000000000000000E-01 1.0000000000000000E+00 -1.5246593050577409E-20 1.1193645049782810E+03 1.5594589945985520E+01
8.0000000000000004E-01 0.0000000000000000E+00 -2.0667603913004931E-19 -2.5037806897823020E+03 -6.2784456701546576E+00
8.0000000000000004E-01 5.0000000000000003E-02 -2.1164255350594869E+00 -7.1859753199619078E+01 -5.8769374106633094E+00
8.0000000000000004E-01 1.0000000000000001E-01 -4.3337692690845220E+00 6.4779804700120940E+02 -4.6724126321892632E+00
8.0000000000000004E-01 1.5000000000000002E-01 -4.9757859978419150E+00 4.4968856196560341E+02 -3.2464888774897460E+00
8.0000000000000004E-01 2.0000000000000001E-01 -4.4383842615658642E+00 1.5983601706287391E+02 -2.1062682449562571E+00
8.0000000000000004E-01 2.5000000000000000E-01 -3.3770029124037162E+00 6.9588366493688085E+01 -1.3229876498051689E+00
8.0000000000000004E-01 3.0000000000000004E-01 -2.0784397824752792E+00 3.7393252796053851E+01 -7.6676740757882100E-01
8.0000000000000004E-01 3.5000000000000003E-01 -6.8599197657322253E-01 -1.3184271522275100E+01 -3.4166528271335450E-01
8.0000000000000004E-01 4.0000000000000002E-01 6.7557286252020821E-01 -7.8347330404762957E+01 -2.0246227396679690E-03
8.0000000000000004E-01 4.5000000000000001E-01 1.8976803585430040E+00 -1.2561387145521500E+02 2.8331850624321198E-01
8.0000000000000004E-01 5.0000000000000000E-01 2.9199914012895380E+00 -1.2605919921893880E+02 5.4338926001717913E-01
8.0000000000000004E-01 5.5000000000000004E-01 3.7595775727172129E+00 -7.5146909519884161E+01 8.0452071781059020E-01
8.0000000000000004E-01 6.0000000000000009E-01 4.5112204248279051E+00 6.8126512075986012E+00 1.0914270549909011E+00
8.0000000000000004E-01 6.5000000000000002E-01 5.3125390807355348E+00 8.4321711858235417E+01 1.4275573436102900E+00
8.0000000000000004E-01 7.0000000000000007E-01 6.2741362437378134E+00 1.1248758397870500E+02 1.8290555193103459E+00
8.0000000000000004E-01 7.5000000000000000E-01 7.3589365684127408E+00 3.9733528771767602E+01 2.3058443562913089E+00
8.0000000000000004E-01 8.0000000000000004E-01 8.2045328860982085E+00 -2.2163670020383751E+02 2.9823685831481330E+00
8.0000000000000004E-01 8.5000000000000009E-01 7.9135513289547053E+00 -1.1948737193344859E+03 4.7989548874471639E+00
8.0000000000000004E-01 9.0000000000000002E-01 4.5341089016479428E+00 -1.3123192451800589E+03 9.2900926661224901E+00
8.0000000000000004E-01 9.5000000000000007E-01 -1.7277763971655791E+00 5.0009636985659981E+03 1.2777286390197411E+01
8.0000000000000004E-01 1.0000000000000000E+00 2.5410988417629010E-20 -4.5738146998940774E+03 1.3939684298222380E+01
8.5000000000000009E-01 0.0000000000000000E+00 9.9949887776007440E-20 -2.5398318106759139E+03 -5.9499256263537177E+00
8.5000000000000009E-01 5.0000000000000003E-02 -2.1167287241610251E+00 -4.8516523439856929E-01 -5.6039091640708136E+00
8.5000000000000009E-01 1.0000000000000001E-01 -4.4347444715871118E+00 8.4145636015165940E+02 -4.5658597772220970E+00
8.5000000000000009E-01 1.5000000000000002E-01 -5.2811578446637428E+00 5.6161484119269801E+02 -3.2745601369876778E+00
8.5000000000000009E-01 2.0000000000000001E-01 -5.0137893738424433E+00 4.5195231541610718E+02 -2.2500514298143912E+00
8.5000000000000009E-01 2.5000000000000000E-01 -4.0586679596144206E+00 4.2843815244082930E+02 -1.4896832659400989E+00
8.5000000000000009E-01 3.0000000000000004E-01 -2.6864098955030382E+00 3.2002148654685828E+02 -8.8676791066675742E-01
8.5000000000000009E-01 3.5000000000000003E-01 -1.1303360938996740E+00 1.4034161416765161E+02 -4.0022599242402990E-01
8.5000000000000009E-01 4.0000000000000002E-01 4.2264091090144668E-01 -5.7464247204303589E+01 -1.2728121621174510E-02
8.5000000000000009E-01 4.5000000000000001E-01 1.8491032738052759E+00 -2.3140863469629150E+02 3.0859233648044021E-01
8.5000000000000009E-01 5.0000000000000000E-01 3.0919461381786140E+00 -3.5268856098323567E+02 6.0622387927800392E-01
8.5000000000000009E-01 5.5000000000000004E-01 4.1678512945244739E+00 -4.1700828193025808E+02 9.1589993958844362E-01
8.5000000000000009E-01 6.0000000000000009E-01 5.1641308436503603E+00 -4.5080357375048249E+02 1.2659423408163240E+00
8.5000000000000009E-01 6.5000000000000002E-01 6.2066007866416397E+00 -4.9900358182086728E+02 1.6790443137571640E+00
8.5000000000000009E-01 7.0000000000000007E-01 7.3973351436830743E+00 -6.0538501127135453E+02 2.1601114282900160E+00
8.5000000000000009E-01 7.5000000000000000E-01 8.6982439890170600E+00 -7.7896495017350901E+02 2.6796705163902530E+00
8.5000000000000009E-01 8.0000000000000004E-01 9.6993230255768008E+00 -9.1871187957748236E+02 3.2299597537882598E+00
8.5000000000000009E-01 8.5000000000000009E-01 9.2751603054629719E+00 -9.9320634885841480E+02 4.2714255482051673E+00
8.5000000000000009E-01 9.0000000000000002E-01 5.3756757762056484E+00 3.7578892591700389E+02 8.3438742161725532E+00
8.5000000000000009E-01 9.5000000000000007E-01 9.3556718465899164E-02 -1.8839261291519890E+03 2.4333276777232431E+01
8.5000000000000009E-01 1.0000000000000000E+00 -1.8634724839594610E-20 1.0542311903062309E+03 2.9663077630919059E+01
9.0000000000000002E-01 0.0000000000000000E+00 -1.3552527156068811E-20 -1.9981991795655481E+03 -5.4856234356675211E+00
9.0000000000000002E-01 5.0000000000000003E-02 -1.9169578031196450E+00 -6.0430023124455306E+02 -5.1688680277041259E+00
9.0000000000000002E-01 1.0000000000000001E-01 -4.1971411974186248E+00 -9.2943891581977167E-01 -4.2186018038139403E+00
9.0000000000000002E-01 1.5000000000000002E-01 -5.2882589224850447E+00 7.8084814024556147E+02 -3.2600515250431150E+00
9.0000000000000002E-01 2.0000000000000001E-01 -5.0829001869194883E+00 1.0306552665638601E+03 -2.3666740532769048E+00
9.0000000000000002E-01 2.5000000000000000E-01 -4.0585506748928761E+00 8.6882033508381653E+02 -1.5814928509922070E+00
9.0000000000000002E-01 3.0000000000000004E-01 -2.6741427785364791E+00 5.5776650382159278E+02 -9.2670108412493535E-01
9.0000000000000002E-01 3.5000000000000003E-01 -1.2196572902454010E+00 2.5199562786593219E+02 -4.1356374401818891E-01
9.0000000000000002E-01 4.0000000000000002E-01 1.6361001173545850E-01 -5.6533247778202451E+00 -2.7120421352969309E-02
9.0000000000000002E-01 4.5000000000000001E-01 1.4303035174764791E+00 -2.2937704624680481E+02 2.8362912672730523E-01
9.0000000000000002E-01 5.0000000000000000E-01 2.5820550781717539E+00 -4.3677764485394329E+02 5.8120874918293985E-01
9.0000000000000002E-01 5.5000000000000004E-01 3.6456160001778821E+00 -6.3316661242275552E+02 9.1100900049915878E-01
9.0000000000000002E-01 6.0000000000000009E-01 4.6702162493668116E+00 -8.2305695528017054E+02 1.2998032674897730E+00
9.0000000000000002E-01 6.5000000000000002E-01 5.7222574456578927E+00 -1.0152583147872440E+03 1.7618906847484930E+00
9.0000000000000002E-01 7.0000000000000007E-01 6.8909490683308343E+00 -1.2429186065399660E+03 2.2966552043599440E+00
9.0000000000000002E-01 7.5000000000000000E-01 8.3059778892622056E+00 -1.6334996173881170E+03 2.8954068588978150E+00
9.0000000000000002E-01 8.0000000000000004E-01 1.0028014215296960E+01 -2.4862462071429809E+03 3.5730680801427388E+00
9.0000000000000002E-01 8.5000000000000009E-01 1.1369970384889269E+01 -4.2108527325739096E+03 4.4067239199538033E+00
9.0000000000000002E-01 9.0000000000000002E-01 8.5922872134642283E+00 -6.5403935383240341E+03 5.8978513299674686E+00
9.0000000000000002E-01 9.5000000000000007E-01 -7.9834879684198796E+00 2.3871284848358580E+04 1.1527324397727019E+01
9.0000000000000002E-01 1.0000000000000000E+00 8.4703294725430034E-21 -2.1515833411009240E+04 1.3403815420313530E+01
9.5000000000000007E-01 0.0000000000000000E+00 -3.8963515573697822E-20 -4.4081115696430070E+03 -6.0240709012336326E+00
9.5000000000000007E-01 5.0000000000000003E-02 -2.8647119140341890E+00 1.9409147505041190E+03 -5.5966805653584828E+00
9.5000000000000007E-01 1.0000000000000001E-01 -4.6896028321473926E+00 2.8825682695617761E+03 -4.3145095577330332E+00
9.5000000000000007E-01 1.5000000000000002E-01 -4.4901373284642441E+00 1.8032140450805739E+03 -2.9220564521368049E+00
9.5000000000000007E-01 2.0000000000000001E-01 -3.4746523121731872E+00 7.7317932057406495E+02 -1.8635876874964670E+00
9.5000000000000007E-01 2.5000000000000000E-01 -2.3926233742675049E+00 2.3293081490327631E+02 -1.1320604350161689E+00
9.5000000000000007E-01 3.0000000000000004E-01 -1.4549634553910691E+00 3.4237423578189080E+01 -6.2675233623576043E-01
9.5000000000000007E-01 3.5000000000000003E-01 -6.6749410726393321E-01 5.8957104447232167E-01 -2.7482539004316742E-01
9.5000000000000007E-01 4.0000000000000002E-01 6.1182442358445766E-03 3.2263287679268700E+01 -2.7251777759243399E-02
9.5000000000000007E-01 4.5000000000000001E-01 6.0901529407382704E-01 7.2342785091859852E+01 1.6624302981553099E-01
9.5000000000000007E-01 5.0000000000000000E-01 1.1804963827025909E+00 8.5937375381406241E+01 3.5513459003611408E-01
9.5000000000000007E-01 5.5000000000000004E-01 1.7457586034211341E+00 6.2066723510782950E+01 5.7463513993386239E-01
9.5000000000000007E-01 6.0000000000000009E-01 2.3120888442053520E+00 1.3487082206958011E+01 8.4429601717229907E-01
9.5000000000000007E-01 6.5000000000000002E-01 2.8660982305557230E+00 -1.3703056456825040E+01 1.1707751951201530E+00
9.5000000000000007E-01 7.0000000000000007E-01 3.3957889901966278E+00 6.7794818476288242E+01 1.5478191933547469E+00
9.5000000000000007E-01 7.5000000000000000E-01 3.9955957131417841E+00 3.0717592292441702E+02 1.9793687283114121E+00
9.5000000000000007E-01 8.0000000000000004E-01 5.0485558033057352E+00 4.7628694323071102E+02 2.5628666076920932E+00
9.5000000000000007E-01 8.5000000000000009E-01 7.3613306783471133E+00 -3.6839327798066557E+02 3.6121474947764600E+00
9.5000000000000007E-01 9.0000000000000002E-01 1.2105813302794340E+01 -5.3644867303378014E+03 5.8656652166763301E+00
9.5000000000000007E-01 9.5000000000000007E-01 1.9058418093836110E+01 -2.8844537956753771E+04 1.2375427658918239E+01
9.5000000000000007E-01 1.0000000000000000E+00 3.5575383784680608E-20 3.7292383641046421E+04 1.4545348472998880E+01
1.0000000000000000E+00 0.0000000000000000E+00 1.0164395367051600E-20 -4.4081125941442360E+03 -3.0120354506168159E+00
1.0000000000000000E+00 5.0000000000000003E-02 -1.6940658945086010E-20 -4.4081136186454642E+03 0.0000000000000000E+00
1.0000000000000000E+00 1.0000000000000001E-01 1.5246593050577409E-20 -7.0688107199111746E+03 0.0000000000000000E+00
1.0000000000000000E+00 1.5000000000000002E-01 -2.8799120206646212E-20 -6.2897748677153349E+03 0.0000000000000000E+00
1.0000000000000000E+00 2.0000000000000001E-01 3.3881317890172010E-21 -4.5561747958976093E+03 0.0000000000000000E+00
1.0000000000000000E+00 2.5000000000000000E-01 3.3881317890172008E-20 -2.9876150823440521E+03 0.0000000000000000E+00
1.0000000000000000E+00 3.0000000000000004E-01 8.4703294725430034E-21 -1.7630758468962090E+03 0.0000000000000000E+00
1.0000000000000000E+00 3.5000000000000003E-01 -2.7105054312137611E-20 -8.0128816779668909E+02 0.0000000000000000E+00
1.0000000000000000E+00 4.0000000000000002E-01 -3.7269449679189209E-20 -8.7897465993152686E+00 0.0000000000000000E+00
1.0000000000000000E+00 4.5000000000000001E-01 -6.7762635780344027E-20 6.9464737416443711E+02 0.0000000000000000E+00
1.0000000000000000E+00 5.0000000000000000E-01 2.0328790734103211E-20 1.3736277736917170E+03 0.0000000000000000E+00
1.0000000000000000E+00 5.5000000000000004E-01 -2.8799120206646212E-20 2.0638781485811369E+03 0.0000000000000000E+00
1.0000000000000000E+00 6.0000000000000009E-01 1.6940658945086010E-20 2.7677646429916808E+03 0.0000000000000000E+00
1.0000000000000000E+00 6.5000000000000002E-01 -1.1858461261560200E-20 3.4461713523896501E+03 0.0000000000000000E+00
1.0000000000000000E+00 7.0000000000000007E-01 0.0000000000000000E+00 4.0410516864134702E+03 0.0000000000000000E+00
1.0000000000000000E+00 7.5000000000000000E-01 -1.0164395367051600E-20 4.6411296092882048E+03 0.0000000000000000E+00
1.0000000000000000E+00 8.0000000000000004E-01 -1.3552527156068811E-20 5.8201269228110614E+03 0.0000000000000000E+00
1.0000000000000000E+00 8.5000000000000009E-01 -3.5575383784680608E-20 9.0177984549812936E+03 0.0000000000000000E+00
1.0000000000000000E+00 9.0000000000000002E-01 -6.7762635780344027E-21 1.7209227554340399E+04 0.0000000000000000E+00
1.0000000000000000E+00 9.5000000000000007E-01 3.0493186101154812E-20 3.7292383641046421E+04 0.0000000000000000E+00
1.0000000000000000E+00 1.0000000000000000E+00 -3.2187251995663413E-20 3.7292383641046421E+04 7.2726742364994399E+00
