  0.2608861477543245E-18
  0.1185846126156020E-18
  0.1287490079826537E-18
 -0.7792703114739563E-19
  0.1592421940838085E-18
  0.6776263578034403E-20
 -0.6945670167485263E-19
 -0.1524659305057741E-18
  0.3862470239479610E-18
  0.4065758146820642E-19
  0.5488773498207866E-18
 -0.1165517335421917E-17
  0.7962109704190423E-19
  0.3964114193150126E-18
 -0.1473837328222483E-17
  0.1002887009549092E-17
 -0.3579561235096673E-17
 -0.1553458425264387E-17
 -0.5583641188300348E-17
 -0.1105886215935215E-16
 -0.8350050794032893E-17
  0.1575481281892999E-18
  0.4479346817327404E+01
  0.6916301753324073E+01
  0.6514525678708962E+01
  0.5307673521382418E+01
  0.4270990585349836E+01
  0.3562683127722747E+01
  0.3102709340113281E+01
  0.2800668762693450E+01
  0.2594338781607313E+01
  0.2441568886243945E+01
  0.2311202266838003E+01
  0.2178085741390934E+01
  0.2020539776019184E+01
  0.1820278497762261E+01
  0.1565726617496786E+01
  0.1257848671656082E+01
  0.9133833850418127E+00
  0.5586349823311163E+00
  0.2206447251364664E+00
 -0.5746271514173174E-17
  0.1338312056661795E-18
  0.1665802371785486E+01
  0.4560071103979853E+01
  0.6196651465616495E+01
  0.6445648492170150E+01
  0.6047745645508496E+01
  0.5541223502446754E+01
  0.5147787543533821E+01
  0.4907821816526567E+01
  0.4790172138417828E+01
  0.4745281364642279E+01
  0.4723780364518225E+01
  0.4678830821580353E+01
  0.4562288993378956E+01
  0.4321574821099320E+01
  0.3904711924806985E+01
  0.3279427526569331E+01
  0.2459950727273622E+01
  0.1518304334790982E+01
  0.5852554187840077E+00
 -0.3291570033030211E-17
  0.6776263578034403E-20
  0.2621382311959814E+01
  0.5415478722488731E+01
  0.6279795160263003E+01
  0.6124170688830709E+01
  0.5715594407903499E+01
  0.5369398351096476E+01
  0.5193772031038999E+01
  0.5189141757842386E+01
  0.5309988256255224E+01
  0.5500422823826479E+01
  0.5706623019485215E+01
  0.5875565359747905E+01
  0.5946986763717690E+01
  0.5844184034927113E+01
  0.5474112403944696E+01
  0.4752200537768195E+01
  0.3654930310091127E+01
  0.2270427710128916E+01
  0.8455989331623217E+00
 -0.2944286524655948E-17
  0.2659683454378503E-18
  0.2473880410615062E+01
  0.5024517760717293E+01
  0.5859625933427886E+01
  0.5536344441978550E+01
  0.5009808232926950E+01
  0.4687712426217304E+01
  0.4631115672220266E+01
  0.4785290423893681E+01
  0.5076152169015517E+01
  0.5437157556351522E+01
  0.5810507726941728E+01
  0.6140602147403634E+01
  0.6363572981469979E+01
  0.6393844149563353E+01
  0.6117036311447514E+01
  0.5411078777188967E+01
  0.4211563765821094E+01
  0.2602318570448960E+01
  0.9265761849453856E+00
  0.1073868370529002E-16
 -0.4675621868843738E-18
  0.2664109086397564E+01
  0.5088044551945777E+01
  0.5598532448636412E+01
  0.5066818424231547E+01
  0.4444710509693850E+01
  0.4117931657547810E+01
  0.4114196975532174E+01
  0.4349357388017428E+01
  0.4732974185897046E+01
  0.5189603844054285E+01
  0.5653979608926536E+01
  0.6063663123553695E+01
  0.6350906611139608E+01
  0.6430044184053047E+01
  0.6186154722314209E+01
  0.5488897300351372E+01
  0.4259147070616416E+01
  0.2586348521843919E+01
  0.8775559087060343E+00
 -0.4911097028180433E-17
  0.8300922883092143E-19
  0.2744332719393099E+01
  0.4968814627653080E+01
  0.5246007451549040E+01
  0.4589026038846357E+01
  0.3941250959372399E+01
  0.3641609782007004E+01
  0.3687466805661787E+01
  0.3982009034020111E+01
  0.4430724314098458E+01
  0.4953518759123817E+01
  0.5475898985972220E+01
  0.5923736078612015E+01
  0.6221034199912494E+01
  0.6283159932005736E+01
  0.6006698753428571E+01
  0.5277992143686612E+01
  0.4034839449979976E+01
  0.2390319274620693E+01
  0.7769644629904946E+00
  0.5556536133988210E-18
  0.6945670167485263E-19
  0.2871482063284150E+01
  0.4867260134785427E+01
  0.4850017615854738E+01
  0.4068008655985399E+01
  0.3428074840861564E+01
  0.3185266010189741E+01
  0.3293926457916655E+01
  0.3648664314541365E+01
  0.4158204465322929E+01
  0.4742130510959581E+01
  0.5317267970615196E+01
  0.5795402126775108E+01
  0.6088248566563353E+01
  0.6109311183212495E+01
  0.5769873073967864E+01
  0.4986431666289208E+01
  0.3733874581490236E+01
  0.2156298555929898E+01
  0.6791391217455528E+00
  0.9740878893424454E-17
  0.2778268066994105E-18
  0.3002783555802214E+01
  0.4710097691706245E+01
  0.4387994857862061E+01
  0.3502244331173712E+01
  0.2898916503796734E+01
  0.2732757955193578E+01
  0.2910972418049292E+01
  0.3324623238998451E+01
  0.3892079628390098E+01
  0.4536416873052567E+01
  0.5167122504311831E+01
  0.5681697087300625E+01
  0.5977868227606640E+01
  0.5964223931898165E+01
  0.5564558652951451E+01
  0.4727570402082239E+01
  0.3469919637846064E+01
  0.1962827188249009E+01
  0.6072748813358707E+00
 -0.3013743226330801E-17
 -0.8639736061993863E-19
  0.3160594114744796E+01
  0.4503455982618503E+01
  0.3855766687563078E+01
  0.2898492223818501E+01
  0.2365006396710549E+01
  0.2289635062172441E+01
  0.2535472030569034E+01
  0.3000345969889351E+01
  0.3619772017623951E+01
  0.4323025572327911E+01
  0.5012682569094819E+01
  0.5572495789845062E+01
  0.5886796894452988E+01
  0.5858059842492840E+01
  0.5418626122615755E+01
  0.4543886409576660E+01
  0.3285948614826963E+01
  0.1834742113420862E+01
  0.5643482734244707E+00
  0.9486769009248164E-19
  0.2558039500707987E-18
  0.3347789897551686E+01
  0.4224201588576120E+01
  0.3242651836533936E+01
  0.2261452248673872E+01
  0.1836360650440164E+01
  0.1861470383132869E+01
  0.2166578224089504E+01
  0.2671984195416724E+01
  0.3338064043181672E+01
  0.4100328347517041E+01
  0.4852270966001536E+01
  0.5463906299029997E+01
  0.5808599037494774E+01
  0.5784163374942688E+01
  0.5328378195659267E+01
  0.4435011243460255E+01
  0.3180705909655529E+01
  0.1766056348520714E+01
  0.5442472538755515E+00
  0.5576864924722313E-17
 -0.5251604272976662E-19
  0.3566283819105974E+01
  0.3823131461942217E+01
  0.2520331492013768E+01
  0.1592113988715664E+01
  0.1321415155011920E+01
  0.1451887719670819E+01
  0.1804144873876311E+01
  0.2341678055027035E+01
  0.3055376652272522E+01
  0.3882232377624177E+01
  0.4700556853022881E+01
  0.5365597363864454E+01
  0.5744125177399249E+01
  0.5734110242031641E+01
  0.5278323486840325E+01
  0.4381339078072402E+01
  0.3133271078021372E+01
  0.1739002615027932E+01
  0.5386938152867078E+00
 -0.2642742795433417E-17
  0.4269046054161674E-18
  0.3854227123047238E+01
  0.3346170168120943E+01
  0.1715124582667683E+01
  0.9121041958130317E+00
  0.8346965888441619E+00
  0.1067045018553487E+01
  0.1452985564159923E+01
  0.2021149642345028E+01
  0.2793585318658231E+01
  0.3697892520344113E+01
  0.4587272676399990E+01
  0.5300496285307489E+01
  0.5704086240157318E+01
  0.5704579804767805E+01
  0.5253023808369736E+01
  0.4359946933094216E+01
  0.3119575625990927E+01
  0.1735607665728680E+01
  0.5408008869188580E+00
  0.2874829822981095E-17
  0.2066760391300493E-18
  0.4199548496499137E+01
  0.2422615134509417E+01
  0.7143186625537006E+00
  0.2246487245134667E+00
  0.3990168607926937E+00
  0.7226252149527389E+00
  0.1126585777887343E+01
  0.1729720548182480E+01
  0.2578968961632308E+01
  0.3576660736753868E+01
  0.4540091019915881E+01
  0.5290311891287462E+01
  0.5700322731684927E+01
  0.5695157709119881E+01
  0.5240672909235898E+01
  0.4352103195157410E+01
  0.3120717056654114E+01
  0.1743297350839330E+01
  0.5467279204822608E+00
 -0.3557538378468061E-17
  0.1236668102991278E-18
  0.5108570864116018E+01
  0.1671829470244176E+01
 -0.2675422252898748E+00
 -0.3531834062197258E+00
  0.8320678794463969E-01
  0.4502600007311146E+00
  0.8410521605413409E+00
  0.1478268233994484E+01
  0.2415365941085129E+01
  0.3512973684911307E+01
  0.4547270708325477E+01
  0.5322607758848259E+01
  0.5721833956836709E+01
  0.5694354701405309E+01
  0.5227287956392218E+01
  0.4342677976288615E+01
  0.3124654025993095E+01
  0.1756627400387648E+01
  0.5564660507593691E+00
  0.1295960409299080E-17
 -0.7792703114739563E-19
  0.3998877197857633E+01
 -0.6238727991405214E+00
 -0.1489580595360881E+01
 -0.7944868749377618E+00
 -0.8953198721992761E-01
  0.2459672123759403E+00
  0.5819062948172549E+00
  0.1238419563098146E+01
  0.2248645429586802E+01
  0.3425770832186863E+01
  0.4514563704481819E+01
  0.5309094768278428E+01
  0.5699052294645195E+01
  0.5653240529199696E+01
  0.5179966361195383E+01
  0.4310761371585236E+01
  0.3121610967282527E+01
  0.1775825569659030E+01
  0.5741549587281219E+00
  0.2163322147287483E-17
 -0.1694065894508601E-20
  0.9441170886683166E+01
 -0.1810373964089022E+01
 -0.3199753816985953E+01
 -0.1518221516412221E+01
 -0.3678165752145683E+00
 -0.2400062902174019E-01
  0.2681871984825709E+00
  0.9283355709521470E+00
  0.1961362226835200E+01
  0.3153909096532648E+01
  0.4253110628643808E+01
  0.5061252436745311E+01
  0.5469497805512125E+01
  0.5448838383091499E+01
  0.5015403801820403E+01
  0.4206301111682955E+01
  0.3088587753101221E+01
  0.1798679440168807E+01
  0.6064232901603207E+00
 -0.4167402100491158E-18
  0.2524158182817815E-18
  0.9349688325423903E+00
 -0.6162635618036778E+01
 -0.6691586732116293E+01
 -0.2828422652513471E+01
 -0.9878013381611879E+00
 -0.5128325480436779E+00
 -0.1810141527410681E+00
  0.4798062835679600E+00
  0.1448478772446164E+01
  0.2533095492313653E+01
  0.3541186021062592E+01
  0.4320496214905390E+01
  0.4770116884375421E+01
  0.4846197909836160E+01
  0.4547980683982481E+01
  0.3899295335945418E+01
  0.2947796956289171E+01
  0.1792200375459030E+01
  0.6509138513150756E+00
 -0.9452887691357992E-18
  0.1372193374551967E-18
  0.1534176212447466E+02
 -0.5197271785201385E+01
 -0.5963001431821795E+01
 -0.2847739567187211E+01
 -0.1555942768393415E+01
 -0.1090345190674245E+01
 -0.6462557360960037E+00
 -0.8736842112339778E-02
  0.7602993589290779E+00
  0.1552553957157090E+01
  0.2290535326134052E+01
  0.2907237343713017E+01
  0.3336910267146897E+01
  0.3529433046123422E+01
  0.3456321857130290E+01
  0.3105870194832737E+01
  0.2481572299256793E+01
  0.1619380784938690E+01
  0.6546887684793401E+00
  0.1287490079826537E-18
  0.1998997755520149E-18
 -0.2597434273406877E+02
 -0.6318933271943421E+01
 -0.1617843877047423E+01
 -0.1544337581583770E+01
 -0.1557898438307275E+01
 -0.1155594661507981E+01
 -0.6687156938582551E+00
 -0.2189726324567990E+00
  0.1708688314074327E+00
  0.5085656045660629E+00
  0.8122632271004746E+00
  0.1087418139645361E+01
  0.1320951266822507E+01
  0.1490507567234902E+01
  0.1571437942947393E+01
  0.1536644292166572E+01
  0.1353314830619536E+01
  0.9877254378297015E+00
  0.4517607692873860E+00
  0.2947674656444965E-18
 -0.5759824041329242E-19
  0.2049819732355407E-18
  0.9317362419797304E-19
  0.2083701050245579E-18
  0.1829591166069289E-18
 -0.2168404344971009E-18
  0.0000000000000000E+00
  0.1304430738771623E-18
  0.3472835083742631E-18
  0.1033380195650246E-18
 -0.1863472483959461E-18
 -0.6776263578034403E-20
 -0.4743384504624082E-19
  0.6945670167485263E-19
 -0.8131516293641283E-19
  0.2032879073410321E-19
  0.5421010862427522E-19
  0.2879912020664621E-18
 -0.1456896669277397E-18
  0.1694065894508601E-20
 -0.1694065894508601E-19
  0.7242272593796351E+04
  0.7242272593796351E+04
  0.1072181446710993E+05
  0.9344925730852834E+04
  0.7169113877862802E+04
  0.5558360546124885E+04
  0.4542381434490003E+04
  0.3903190677112411E+04
  0.3480363434014554E+04
  0.3182195510906764E+04
  0.2952973201864912E+04
  0.2753717453178212E+04
  0.2554056833777535E+04
  0.2328948836123857E+04
  0.2058988691238820E+04
  0.1734885364444892E+04
  0.1363989796840513E+04
  0.9714798648791044E+03
  0.5868034581802743E+03
  0.2125113637165759E+03
  0.2125114426253103E+03
  0.7242272593796351E+04
 -0.3734113146394778E+04
 -0.4844505220934521E+04
 -0.3054990298759338E+04
 -0.1599811684042186E+04
 -0.8663439928952098E+03
 -0.5343236172683620E+03
 -0.3598791598760084E+03
 -0.2391220378842629E+03
 -0.1379781315175421E+03
 -0.4618125137896537E+02
  0.3945036874472433E+02
  0.1192919559943447E+03
  0.1913976456780709E+03
  0.2506908819553288E+03
  0.2879730411130080E+03
  0.2908571283252230E+03
  0.2491603290118714E+03
  0.1671170012774436E+03
  0.1045245971126276E+03
  0.2125115215340448E+03
  0.9994446671317841E+03
  0.1999036238874128E+04
  0.1267777179542559E+04
 -0.1523871596505117E+03
 -0.7852228911720107E+03
 -0.9214557780939176E+03
 -0.8824252468994981E+03
 -0.8135952766251777E+03
 -0.7565593455453404E+03
 -0.7146388079566091E+03
 -0.6815194685188551E+03
 -0.6506263529131028E+03
 -0.6167259910664700E+03
 -0.5747496480333859E+03
 -0.5181058695481489E+03
 -0.4389509740768088E+03
 -0.3340406481501799E+03
 -0.2147281883318474E+03
 -0.9972348930116257E+02
  0.9741052427843599E+02
  0.6536016380786913E+03
  0.3331732223648413E+04
 -0.3721470860891425E+03
 -0.1576165918116763E+04
 -0.6567638303325012E+03
 -0.1657163387945511E+03
 -0.7689886660001964E+02
 -0.9816634427532682E+02
 -0.1489905837949667E+03
 -0.2072797389140984E+03
 -0.2644260310430441E+03
 -0.3178815281840403E+03
 -0.3685039111610924E+03
 -0.4183864299838545E+03
 -0.4680535100931460E+03
 -0.5114946668148437E+03
 -0.5303472410979118E+03
 -0.4960201751657540E+03
 -0.3893925398073187E+03
 -0.2061470696491376E+03
  0.1599454277168640E+03
  0.9347465805151119E+03
  0.2885758903412873E+04
  0.1657950017046926E+03
 -0.5047940489896224E+03
 -0.3825622079606441E+03
  0.1306707761370284E+01
  0.1693852078367687E+03
  0.1761616246599686E+03
  0.1235798170690515E+03
  0.6000484910482250E+02
  0.4972255101906985E+00
 -0.5423870020844733E+02
 -0.1085356901923552E+03
 -0.1685583410736481E+03
 -0.2402603718627122E+03
 -0.3236554723921956E+03
 -0.4021894968204118E+03
 -0.4367713994963819E+03
 -0.3797544209952584E+03
 -0.1846719174866541E+03
  0.2476674616332438E+03
  0.9880583207200933E+03
  0.3266966539041151E+04
 -0.1400714612800724E+03
 -0.9512215591108145E+03
 -0.4660879031736930E+03
 -0.2364819868588787E+02
  0.1544639664197688E+03
  0.1721645104958149E+03
  0.1352247512593100E+03
  0.9082483244176484E+02
  0.5061943126180308E+02
  0.1367590876470717E+02
 -0.2372564710553152E+02
 -0.6676039102849825E+02
 -0.1225578132165187E+03
 -0.1961219956504762E+03
 -0.2780165820488969E+03
 -0.3312966404645042E+03
 -0.2951651629248855E+03
 -0.1009027198852535E+03
  0.3118662046879274E+03
  0.8971345843965838E+03
  0.3387784182355403E+04
 -0.1891700344573348E+03
 -0.8440733557673593E+03
 -0.3863799840565957E+03
  0.5426411325626786E+01
  0.1445827352331639E+03
  0.1474184805949269E+03
  0.1115268062818246E+03
  0.7446069484339856E+02
  0.4174155458518345E+02
  0.1077591274176869E+02
 -0.2024297363527101E+02
 -0.5290558719457195E+02
 -0.9164239493869975E+02
 -0.1425326322321479E+03
 -0.2021505229226113E+03
 -0.2407260690360804E+03
 -0.1991394771405639E+03
 -0.1303595053541698E+02
  0.3356625712405963E+03
  0.7645265979103947E+03
  0.3620088736685099E+04
 -0.3486207268726359E+03
 -0.9096174829480838E+03
 -0.3215525033742765E+03
  0.6038163405491282E+02
  0.1618974164297045E+03
  0.1433901381942875E+03
  0.1015458965666936E+03
  0.6477507768929689E+02
  0.3204572359174374E+02
 -0.1266580810298897E+01
 -0.3534424556397661E+02
 -0.6788443013082924E+02
 -0.9873022185324346E+02
 -0.1313506874653779E+03
 -0.1649094729835753E+03
 -0.1778443349262150E+03
 -0.1222251233523604E+03
  0.4910423188124614E+02
  0.3295925554869971E+03
  0.6501711298216057E+03
  0.3857132222705892E+04
 -0.5075841262622803E+03
 -0.9039069581510179E+03
 -0.2326676463540058E+03
  0.1208867316826410E+03
  0.1812589035814796E+03
  0.1420404911136824E+03
  0.9616961973218490E+02
  0.6108116139069482E+02
  0.2842015038365571E+02
 -0.8514945088343401E+01
 -0.4854786740879601E+02
 -0.8612966556686777E+02
 -0.1165981421126673E+03
 -0.1391086695211189E+03
 -0.1523895788785427E+03
 -0.1419178879576573E+03
 -0.7396748373931538E+02
  0.8127285412317816E+02
  0.3108860139650945E+03
  0.5732872632596734E+03
  0.4150382218604081E+04
 -0.7153387878839557E+03
 -0.8861893554632486E+03
 -0.1240144116300998E+03
  0.1796255782246502E+03
  0.1911119452046514E+03
  0.1333737492178734E+03
  0.8897783757958334E+02
  0.6019541568272803E+02
  0.3027288729540196E+02
 -0.9051402109539300E+01
 -0.5489035041823146E+02
 -0.9901688698604046E+02
 -0.1333043208213368E+03
 -0.1527476285038554E+03
 -0.1540126559483979E+03
 -0.1273085011096293E+03
 -0.5129905904395999E+02
  0.9143907775997863E+02
  0.2915484532849395E+03
  0.5314440849377312E+03
  0.4505363756347689E+04
 -0.9760319980239206E+03
 -0.8365782605589181E+03
 -0.1944930319647966E+01
  0.2308914522190380E+03
  0.1875008196384797E+03
  0.1163307997383073E+03
  0.8120225113724146E+02
  0.6400124269275406E+02
  0.3903408807816387E+02
 -0.2013779696688542E+01
 -0.5325770250761803E+02
 -0.1039217476220392E+03
 -0.1438225939108326E+03
 -0.1650388848434946E+03
 -0.1617197119231489E+03
 -0.1263152688632925E+03
 -0.4599595647703653E+02
  0.8941130610190919E+02
  0.2768437604412874E+03
  0.5146751942423472E+03
  0.4927537794851646E+04
 -0.1295994678929450E+04
 -0.6464759719771059E+03
  0.1763558638338954E+03
  0.2773283254455253E+03
  0.1689178029200054E+03
  0.9352971014847542E+02
  0.7741769632067367E+02
  0.7592052792340617E+02
  0.5543049399307931E+02
  0.1085218584594635E+02
 -0.4625708054852597E+02
 -0.1023212735006453E+03
 -0.1471741447200389E+03
 -0.1722566286079192E+03
 -0.1695494386657991E+03
 -0.1314867721973560E+03
 -0.4966586501790303E+02
  0.8261756676817329E+02
  0.2677101898918186E+03
  0.5125778494369453E+03
  0.5486053585852125E+04
 -0.1721962352066682E+04
 -0.6178923984928731E+03
  0.3105094578403182E+03
  0.2939202038386662E+03
  0.1341275548985537E+03
  0.7091453344694949E+02
  0.8292529289083683E+02
  0.9677810603019492E+02
  0.7484656714216356E+02
  0.2091728505170364E+02
 -0.4363289735617684E+02
 -0.1020824220941027E+03
 -0.1474506590052540E+03
 -0.1743900476681318E+03
 -0.1741462073891041E+03
 -0.1372675077241342E+03
 -0.5603461347732918E+02
  0.7545776557482955E+02
  0.2631303336869917E+03
  0.5173962649296799E+03
  0.6122014186213498E+04
 -0.2165112281204176E+04
  0.3376350999645945E+03
  0.5676367649245833E+03
  0.3111436598267678E+03
  0.9430125733245201E+02
  0.5589284585183580E+02
  0.9943173507085631E+02
  0.1205648428390871E+03
  0.8454946872270718E+02
  0.1170463746266428E+02
 -0.6252057285360779E+02
 -0.1182979739130971E+03
 -0.1553689468319741E+03
 -0.1766781964467822E+03
 -0.1759513776195960E+03
 -0.1410836362852441E+03
 -0.6170743504686419E+02
  0.6967027331829905E+02
  0.2614610348432594E+03
  0.5253433586550092E+03
  0.8243090449648604E+04
 -0.4225611190812222E+04
  0.1581318144425670E+03
  0.7013176857366511E+03
  0.2536084863917101E+03
  0.1573954165715970E+02
  0.3672975730074044E+02
  0.1169816563380223E+03
  0.1328039449722979E+03
  0.6788246739462579E+02
 -0.3300023937573471E+02
 -0.1190015635194096E+03
 -0.1676453764576356E+03
 -0.1865593389484521E+03
 -0.1906554470693114E+03
 -0.1809813881579933E+03
 -0.1447001269489228E+03
 -0.6683414920895221E+02
  0.6430929310237377E+02
  0.2606584228559952E+03
  0.5374304275981643E+03
  0.5212580450036528E+04
 -0.8278559112367187E+03
  0.2663296888805131E+04
  0.4424088907789198E+03
 -0.1519129312184348E+03
 -0.2153897664542255E+03
 -0.2378730691503763E+02
  0.1159651763912862E+03
  0.1202683233293575E+03
  0.2040178281530401E+02
 -0.1107349914816604E+03
 -0.2112948615418038E+03
 -0.2558628739998842E+03
 -0.2549811391749014E+03
 -0.2333418485593134E+03
 -0.2033399933702697E+03
 -0.1572414707099733E+03
 -0.7740112583996897E+02
  0.5404569797758761E+02
  0.2568380226121231E+03
  0.5605673293020971E+03
  0.1825764681598386E+05
 -0.1385648417921325E+05
  0.3498154566314515E+04
  0.1662071096181616E+03
 -0.6306363199781431E+03
 -0.5146529987026444E+03
 -0.1064635475500771E+03
  0.1001353089852443E+03
  0.9549433832805262E+02
 -0.3029315992947462E+02
 -0.1838744799218589E+03
 -0.3040241124152878E+03
 -0.3624182595146955E+03
 -0.3609655560242717E+03
 -0.3224067750432874E+03
 -0.2678846200871797E+03
 -0.2016453438612509E+03
 -0.1117700965532764E+03
  0.2351720286366272E+02
  0.2392220286989168E+03
  0.6080973459034518E+03
 -0.1854121758282294E+04
  0.5952168647792144E+04
  0.5843371406653132E+04
  0.3806481373067237E+04
 -0.4668644757070328E+03
 -0.5484040205424957E+03
 -0.8341280647655874E+02
  0.1303154726427528E+03
  0.1054975531135789E+03
 -0.3117995539580922E+02
 -0.1860774250834452E+03
 -0.3220260324098408E+03
 -0.4176298618888453E+03
 -0.4582182586983258E+03
 -0.4464503292377385E+03
 -0.3957552118069059E+03
 -0.3172113557855160E+03
 -0.2118381766984125E+03
 -0.6421774300576384E+02
  0.1798628061750260E+03
  0.6911656607821386E+03
  0.3673085229163020E+05
 -0.3664147658184949E+05
  0.8894982717779591E+04
  0.2850764881219764E+04
 -0.3865686026619807E+03
 -0.1135637533669181E+03
  0.2123725621414286E+03
  0.2707270021506218E+03
  0.1710567473158835E+03
  0.4623440361396172E+02
 -0.5752381550143020E+02
 -0.1590196965352488E+03
 -0.2670573552910583E+03
 -0.3662384677865910E+03
 -0.4382975558534004E+03
 -0.4712549162843410E+03
 -0.4575328557219296E+03
 -0.3890710573126551E+03
 -0.2469468804712467E+03
  0.4132013141808059E+02
  0.7649669013227593E+03
 -0.5375324963667218E+05
  0.4516807856940895E+05
 -0.3005490033846975E+04
 -0.2941958623186518E+04
  0.6154737568301326E+02
  0.7902874731451715E+03
  0.5221677137150491E+03
  0.2616158903521337E+03
  0.1477227257031331E+03
  0.1465667977954134E+03
  0.2005694329828634E+03
  0.2549864571782429E+03
  0.2763117033870913E+03
  0.2524123551723788E+03
  0.1839167893003380E+03
  0.7908877553984760E+02
 -0.4638167872436659E+02
 -0.1629269124344301E+03
 -0.2105781403135599E+03
 -0.6585154637367192E+02
  0.5750390033000875E+03
 -0.5375325892582442E+05
 -0.5375326821497732E+05
 -0.6079979203081057E+04
 -0.4704344401776256E+03
 -0.1883979835108976E+04
 -0.2264622921122773E+04
 -0.1647798235885861E+04
 -0.9332672321937657E+03
 -0.3366286705901495E+03
  0.1317593148954279E+03
  0.5099943545547334E+03
  0.8472231958588188E+03
  0.1166746654774163E+04
  0.1458936240178270E+04
  0.1696651698821525E+04
  0.1846182211548406E+04
  0.1867165034101477E+04
  0.1705442172528934E+04
  0.1290560266705177E+04
  0.5750390033000875E+03
  0.5750390033000875E+03
 -0.5082875836084153E+01
  0.1000000000000000E+01
  0.1000000000000000E+01
  0.1000000000000000E+01
  0.1000000000000000E+01
  0.1000000000000000E+01
  0.1000000000000000E+01
  0.1000000000000000E+01
  0.1000000000000000E+01
  0.1000000000000000E+01
  0.1000000000000000E+01
  0.1000000000000000E+01
  0.1000000000000000E+01
  0.1000000000000000E+01
  0.1000000000000000E+01
  0.1000000000000000E+01
  0.1000000000000000E+01
  0.1000000000000000E+01
  0.1000000000000000E+01
  0.1000000000000000E+01
  0.9740599888448724E+00
 -0.1116575167216831E+02
 -0.1019968468834192E+02
 -0.7301483736862750E+01
 -0.4574193193200700E+01
 -0.2700394213926758E+01
 -0.1528586573073997E+01
 -0.7938000580192793E+00
 -0.3178240746514338E+00
 -0.2647729592530479E-03
  0.2172211601900302E+00
  0.3708985769243127E+00
  0.4839847254033712E+00
  0.5714532433759153E+00
  0.6430329671039489E+00
  0.7050645013395049E+00
  0.7615543823897510E+00
  0.8147422065195733E+00
  0.8650443560402947E+00
  0.9091215137733626E+00
  0.9383703617106494E+00
  0.9481199776897449E+00
 -0.7887862488746249E+01
 -0.7325979689762944E+01
 -0.5640331292813028E+01
 -0.4297474579874724E+01
 -0.3078805452861251E+01
 -0.2082031915836327E+01
 -0.1332877413815887E+01
 -0.7986413379424840E+00
 -0.4250991167578692E+00
 -0.1615425229741316E+00
  0.3020970473213971E-01
  0.1761644336997658E+00
  0.2934967351605846E+00
  0.3937799338771208E+00
  0.4851841964634370E+00
  0.5735077989004267E+00
  0.6621123790050353E+00
  0.7507937013831515E+00
  0.8317691282443849E+00
  0.8860289117437460E+00
  0.9041155062435330E+00
 -0.9102561872789584E+01
 -0.8526948067806394E+01
 -0.6800106652856821E+01
 -0.4557234445245954E+01
 -0.2922576148695676E+01
 -0.1876504085839329E+01
 -0.1193060330912852E+01
 -0.7338904869573943E+00
 -0.4177103394267348E+00
 -0.1925307569493300E+00
 -0.2487945649606410E-01
  0.1065401065681429E+00
  0.2154414271280035E+00
  0.3111908913573506E+00
  0.4010134567460913E+00
  0.4911770700094928E+00
  0.5865209669972553E+00
  0.6873023500592980E+00
  0.7823428950163785E+00
  0.8461649903676405E+00
  0.8674390221513945E+00
 -0.9296256110556973E+01
 -0.8637871982195634E+01
 -0.6662719597111616E+01
 -0.4496953163772571E+01
 -0.2821205366372625E+01
 -0.1738988740713927E+01
 -0.1069401955821316E+01
 -0.6429779154671896E+00
 -0.3571138235902571E+00
 -0.1542362876668913E+00
 -0.1631460882847788E-02
  0.1199374436760849E+00
  0.2222114054399766E+00
  0.3127819790598778E+00
  0.3973992814569857E+00
  0.4816882708945404E+00
  0.5711105965799077E+00
  0.6667766892909626E+00
  0.7570485638577599E+00
  0.8168360586155067E+00
  0.8367652235347557E+00
 -0.9924631560252866E+01
 -0.9196451079670469E+01
 -0.7011909637923278E+01
 -0.4586594298756282E+01
 -0.2819991466852176E+01
 -0.1710986137276288E+01
 -0.1036654293723588E+01
 -0.6136653321121284E+00
 -0.3324870585280794E+00
 -0.1331769672318140E+00
  0.1738829163043679E-01
  0.1383530524585523E+00
  0.2411517414376085E+00
  0.3326464226170558E+00
  0.4172559279584561E+00
  0.4989544045739979E+00
  0.5819877163995213E+00
  0.6672364820050785E+00
  0.7446091569741965E+00
  0.7941855980803073E+00
  0.8107110784490109E+00
 -0.1051845114435752E+02
 -0.9683897252142192E+01
 -0.7180235575496191E+01
 -0.4606516712770294E+01
 -0.2806407315160735E+01
 -0.1699818882670386E+01
 -0.1030115762844229E+01
 -0.6086624967379097E+00
 -0.3269804167379318E+00
 -0.1264496222633192E+00
  0.2552276676810966E-01
  0.1481991109384958E+00
  0.2533305101643739E+00
  0.3477693653064586E+00
  0.4350833411295528E+00
  0.5173482342205455E+00
  0.5964514188202191E+00
  0.6720091744798470E+00
  0.7360721263911875E+00
  0.7751783625438046E+00
  0.7882137745946770E+00
 -0.1125907455434599E+02
 -0.1029846346679446E+02
 -0.7416630204139868E+01
 -0.4620812994296229E+01
 -0.2776160144101944E+01
 -0.1680138796492107E+01
 -0.1022656935324332E+01
 -0.6061567660448467E+00
 -0.3249598585565461E+00
 -0.1235655853535169E+00
  0.2925304025223731E-01
  0.1526753647632775E+00
  0.2589043098773268E+00
  0.3551709275997600E+00
  0.4447521251148134E+00
  0.5282550329899511E+00
  0.6051568517419420E+00
  0.6734648859330074E+00
  0.7270947010317392E+00
  0.7580788315196857E+00
  0.7684068750156680E+00
 -0.1211277320898388E+02
 -0.1099302039559501E+02
 -0.7633761955428389E+01
 -0.4612861701611251E+01
 -0.2735078176698881E+01
 -0.1656239371796710E+01
 -0.1013813734802770E+01
 -0.6030700011819069E+00
 -0.3226255000306164E+00
 -0.1208489111441387E+00
  0.3195408239479887E-01
  0.1548873827529208E+00
  0.2606231864738657E+00
  0.3568936058119404E+00
  0.4470855972289299E+00
  0.5310156152904649E+00
  0.6063915909718752E+00
  0.6698094874444249E+00
  0.7164106319700110E+00
  0.7419939519428096E+00
  0.7505217252670758E+00
 -0.1313821153732653E+02
 -0.1181618947554775E+02
 -0.7850123290211434E+01
 -0.4584783855747859E+01
 -0.2687522557811721E+01
 -0.1633219215264804E+01
 -0.1006839445141723E+01
 -0.6008331286806831E+00
 -0.3203914237697811E+00
 -0.1181856099854338E+00
  0.3418121878829541E-01
  0.1559207064827812E+00
  0.2601685613073461E+00
  0.3551082337482734E+00
  0.4443938558723038E+00
  0.5276163146219233E+00
  0.6015362992817860E+00
  0.6617916985868035E+00
  0.7041217872492576E+00
  0.7264798964728947E+00
  0.7339325995474404E+00
 -0.1438300105491878E+02
 -0.1279665237584121E+02
 -0.8037606338608480E+01
 -0.4523030462805529E+01
 -0.2632531418063780E+01
 -0.1613264125893188E+01
 -0.1003717493036911E+01
 -0.6007499703197398E+00
 -0.3191086061842530E+00
 -0.1160714998480698E+00
  0.3583182105621289E-01
  0.1561313449491718E+00
  0.2584492949173988E+00
  0.3513633596001145E+00
  0.4388022887994379E+00
  0.5204411039166635E+00
  0.5927465316459654E+00
  0.6508798389049988E+00
  0.6907627686438569E+00
  0.7113418414731281E+00
  0.7182015324162185E+00
 -0.1592771983210783E+02
 -0.1400001621362298E+02
 -0.8216905358168443E+01
 -0.4438669274025203E+01
 -0.2574861588479752E+01
 -0.1599587747977234E+01
 -0.1006314290211289E+01
 -0.6036171639854460E+00
 -0.3188700683022036E+00
 -0.1140559256929685E+00
  0.3773358523325984E-01
  0.1565292456607140E+00
  0.2565945334434204E+00
  0.3470213899534235E+00
  0.4320451883901287E+00
  0.5115258639656046E+00
  0.5819876578987692E+00
  0.6384741179083807E+00
  0.6769019790937809E+00
  0.6965190516567602E+00
  0.7030580758444199E+00
 -0.1794755505055452E+02
 -0.1549934199118240E+02
 -0.8154702813066040E+01
 -0.4270681026739758E+01
 -0.2510842402154154E+01
 -0.1595901073640337E+01
 -0.1016324678604633E+01
 -0.6090228693322308E+00
 -0.3179540512812983E+00
 -0.1096517916178491E+00
  0.4259286014074009E-01
  0.1595977156874925E+00
  0.2566848284286888E+00
  0.3438321522527201E+00
  0.4257458000357529E+00
  0.5024943365174308E+00
  0.5707563060958286E+00
  0.6256329070716894E+00
  0.6629792087639786E+00
  0.6819918435570346E+00
  0.6883293884880533E+00
 -0.2047677665344089E+02
 -0.1745472018885254E+02
 -0.8388550795087514E+01
 -0.4130243608000266E+01
 -0.2463903495603615E+01
 -0.1607487338528575E+01
 -0.1032772383120977E+01
 -0.6135081152468207E+00
 -0.3119318466065489E+00
 -0.9829575861793464E-01
  0.5450147416429819E-01
  0.1687445366593695E+00
  0.2614816909908425E+00
  0.3439810735529474E+00
  0.4216118710836183E+00
  0.4947061056103430E+00
  0.5601078908950432E+00
  0.6130239598790274E+00
  0.6492248210684630E+00
  0.6676752694417653E+00
  0.6738254188995327E+00
 -0.2343310832687569E+02
 -0.1933838361762728E+02
 -0.7054209489882061E+01
 -0.3794417213461499E+01
 -0.2397801742734412E+01
 -0.1619248814212855E+01
 -0.1044998762137885E+01
 -0.6089667950628380E+00
 -0.2947649273879119E+00
 -0.7590929376082256E-01
  0.7594219663955153E-01
  0.1856669094885028E+00
  0.2725508701814489E+00
  0.3490243674530066E+00
  0.4210014247258586E+00
  0.4891651704339029E+00
  0.5506568263541871E+00
  0.6008811189275680E+00
  0.6355311117918205E+00
  0.6532126754692175E+00
  0.6591065300283497E+00
 -0.3269483932048733E+02
 -0.2646660608427282E+02
 -0.7781906375629256E+01
 -0.3471913568106587E+01
 -0.2285397562392091E+01
 -0.1608276081460586E+01
 -0.1037788223044501E+01
 -0.5875991027253858E+00
 -0.2643741431796528E+00
 -0.4431405311186323E-01
  0.1031379599941933E+00
  0.2065279559338894E+00
  0.2871656642987326E+00
  0.3575385205208646E+00
  0.4233530393414551E+00
  0.4856065095446564E+00
  0.5420513018464588E+00
  0.5885968211627702E+00
  0.6209928015451964E+00
  0.6374068639965788E+00
  0.6428782181470395E+00
 -0.2463003893346475E+02
 -0.1901667529575213E+02
 -0.2176584382614278E+01
 -0.2948242372135784E+01
 -0.2290952899842743E+01
 -0.1642771129189330E+01
 -0.1025959156006848E+01
 -0.5568285784132906E+00
 -0.2301825701875085E+00
 -0.1481620001861996E-01
  0.1242211471949208E+00
  0.2201239219102526E+00
  0.2956389474197912E+00
  0.3617899333725200E+00
  0.4228509285201232E+00
  0.4796785073727604E+00
  0.5307853282385475E+00
  0.5729607827443252E+00
  0.6022865808576422E+00
  0.6165328528492133E+00
  0.6212816101797369E+00
 -0.6564678012565523E+02
 -0.5117529566632869E+02
 -0.7760842288349060E+01
 -0.1852568804831437E+01
 -0.2695816086060247E+01
 -0.1855091967679717E+01
 -0.1059561163296791E+01
 -0.5420316236610356E+00
 -0.2092001352802802E+00
 -0.2073132676459386E-02
  0.1245864231368695E+00
  0.2108003839831493E+00
  0.2809442183746261E+00
  0.3441502812852198E+00
  0.4025798233986987E+00
  0.4561590891124954E+00
  0.5035771309567573E+00
  0.5422386470313350E+00
  0.5684461948700416E+00
  0.5794671002717123E+00
  0.5831407354056025E+00
 -0.8094071829730463E+01
 -0.4460556464393100E+01
  0.6439989631618991E+01
 -0.3963300856663499E+00
 -0.3398539019695216E+01
 -0.2204092548584094E+01
 -0.1142819717005115E+01
 -0.5421739493723571E+00
 -0.2000605753462688E+00
 -0.9363673657061297E-02
  0.9674561682542319E-01
  0.1660493214727663E+00
  0.2238615785556482E+00
  0.2783671761956626E+00
  0.3306812947441799E+00
  0.3800048185070579E+00
  0.4247083430317955E+00
  0.4619928258032803E+00
  0.4872955808817318E+00
  0.4958571821226924E+00
  0.4987110492030125E+00
 -0.1161335112002650E+02
 -0.1237725659692114E+02
 -0.1466897302760506E+02
 -0.8543645759546814E+01
 -0.4656986694010927E+01
 -0.2270924825507996E+01
 -0.1023421550773936E+01
 -0.4329895934027164E+00
 -0.1526268762634733E+00
 -0.1854404075962819E-01
  0.4798080614335168E-01
  0.8791415092470474E-01
  0.1202641217700876E+00
  0.1515202082242415E+00
  0.1830900936810383E+00
  0.2149228455249193E+00
  0.2463327610097547E+00
  0.2755022428982131E+00
  0.2981420916665993E+00
  0.3071338223804613E+00
  0.3101310659517487E+00
 -0.5806675560013252E+01
  0.0000000000000000E+00
  0.0000000000000000E+00
  0.0000000000000000E+00
  0.0000000000000000E+00
  0.0000000000000000E+00
  0.0000000000000000E+00
  0.0000000000000000E+00
  0.0000000000000000E+00
  0.0000000000000000E+00
  0.0000000000000000E+00
  0.0000000000000000E+00
  0.0000000000000000E+00
  0.0000000000000000E+00
  0.0000000000000000E+00
  0.0000000000000000E+00
  0.0000000000000000E+00
  0.0000000000000000E+00
  0.0000000000000000E+00
  0.0000000000000000E+00
  0.1550655329758743E+00
