  0.3388131789017201E-20
  0.2879912020664621E-19
  0.1355252715606881E-19
  0.2371692252312041E-19
 -0.2541098841762901E-19
  0.4404571325722362E-19
 -0.1863472483959461E-19
  0.1694065894508601E-19
 -0.6776263578034403E-20
 -0.5421010862427522E-19
 -0.5590417451878382E-19
 -0.7962109704190423E-19
  0.3388131789017201E-19
  0.2879912020664621E-19
 -0.2032879073410321E-19
  0.8470329472543003E-20
  0.2371692252312041E-19
 -0.3049318610115481E-19
 -0.5082197683525802E-20
  0.8470329472543003E-20
  0.1185846126156020E-19
 -0.1694065894508601E-19
  0.4547818435653451E+01
  0.6972577887808659E+01
  0.6511399941420094E+01
  0.5237253140128793E+01
  0.4118172883168437E+01
  0.3292685840795539E+01
  0.2664440874207044E+01
  0.2134546581616158E+01
  0.1642998121789813E+01
  0.1161989557430810E+01
  0.6805269173879747E+00
  0.1858713067214051E+00
 -0.3423684518863100E+00
 -0.9074681445599543E+00
 -0.1404027514830003E+01
 -0.1484405961758170E+01
 -0.1548851825264118E+01
 -0.6194674434337195E+01
 -0.2622284066196426E+02
  0.1185846126156020E-19
  0.2202285662861181E-19
  0.1670067595898047E+01
  0.4585792713495602E+01
  0.6207594797933865E+01
  0.6405625657163945E+01
  0.5913967363909233E+01
  0.5247182909759503E+01
  0.4590827277215342E+01
  0.3944247608800008E+01
  0.3246173440244034E+01
  0.2452264499019047E+01
  0.1573123852735082E+01
  0.6783599352302631E+00
 -0.1213017227360690E+00
 -0.7415811316907749E+00
 -0.1327165720597302E+01
 -0.2611341728307031E+01
 -0.5657260551629389E+01
 -0.5048633061312242E+01
  0.1546157797229787E+02
  0.3557538378468061E-19
  0.1016439536705160E-19
  0.2656304747281116E+01
  0.5457248398693400E+01
  0.6290911747107465E+01
  0.6088987998553612E+01
  0.5602007464232662E+01
  0.5108719434011877E+01
  0.4665901052764916E+01
  0.4211254565535638E+01
  0.3643114748842703E+01
  0.2894072431018984E+01
  0.1989169684229053E+01
  0.1065735407036550E+01
  0.3217576194134357E+00
 -0.1575126427000688E+00
 -0.7376835683833810E+00
 -0.2574126392801793E+01
 -0.6452092656767268E+01
 -0.6145428974885414E+01
  0.9167531974320623E+00
  0.2710505431213761E-19
 -0.3388131789017201E-19
  0.2502519420905634E+01
  0.5057447532041047E+01
  0.5868429718047962E+01
  0.5502702488361839E+01
  0.4901178451106762E+01
  0.4432467913051337E+01
  0.4102301820627591E+01
  0.3792138414505935E+01
  0.3373954013579570E+01
  0.2773676744197469E+01
  0.2018970775237403E+01
  0.1252607992486037E+01
  0.6637720423558728E+00
  0.3102116510310231E+00
 -0.1211490615307905E+00
 -0.1333062560587499E+01
 -0.3135847115245178E+01
 -0.1763485957720051E+01
  0.9567812840856611E+01
 -0.1524659305057741E-19
 -0.2032879073410321E-19
  0.2700369551519076E+01
  0.5125320920485294E+01
  0.5612255830949975E+01
  0.5048760627855662E+01
  0.4363371679645869E+01
  0.3894648064794751E+01
  0.3611196900195035E+01
  0.3370453916799746E+01
  0.3044601520706715E+01
  0.2570883767036936E+01
  0.1976755628517662E+01
  0.1375730296210612E+01
  0.8997726797977282E+00
  0.5645902338358677E+00
  0.1512546321993564E+00
 -0.6555185417271979E+00
 -0.1488553186326957E+01
 -0.6538116733548742E+00
  0.4038900232349896E+01
 -0.3388131789017201E-19
 -0.1016439536705160E-19
  0.2782175013764445E+01
  0.5003173681683985E+01
  0.5260510605393153E+01
  0.4589339420982456E+01
  0.3903186523810489E+01
  0.3483990754912864E+01
  0.3263880135192030E+01
  0.3090198386016276E+01
  0.2844535216529164E+01
  0.2477928053796903E+01
  0.2015546819562475E+01
  0.1537819091325684E+01
  0.1121969210074955E+01
  0.7549665022416808E+00
  0.3070863739314539E+00
 -0.2473605446098166E+00
 -0.2688233235266377E+00
  0.1681085187483516E+01
  0.5213429837703202E+01
  0.1185846126156020E-19
  0.3388131789017201E-20
  0.2913191493032867E+01
  0.4899985690893687E+01
  0.4863032162391927E+01
  0.4082316965459512E+01
  0.3431278976526496E+01
  0.3099799877749294E+01
  0.2971434782008125E+01
  0.2885033283269365E+01
  0.2731559474401252E+01
  0.2470723849676278E+01
  0.2121892500633245E+01
  0.1739629403024652E+01
  0.1369041477329151E+01
  0.1000112830906820E+01
  0.5973516706833583E+00
  0.3045335420391759E+00
  0.7027644902003791E+00
  0.2411578010214665E+01
  0.4260324817777061E+01
  0.1694065894508601E-20
 -0.1694065894508601E-20
  0.3047712901366821E+01
  0.4739367568868332E+01
  0.4397596360205662E+01
  0.3526740720514638E+01
  0.2937082236812008E+01
  0.2713127510022887E+01
  0.2688272469506761E+01
  0.2697253816097070E+01
  0.2641816645708817E+01
  0.2486800247270008E+01
  0.2243227698202681E+01
  0.1946381599348521E+01
  0.1627219060489478E+01
  0.1297426690720416E+01
  0.1002934128070831E+01
  0.9772773165432612E+00
  0.1709941975252924E+01
  0.3358543373310408E+01
  0.3918999397623010E+01
 -0.8470329472543003E-20
  0.1016439536705160E-19
  0.3209472136737266E+01
  0.4528672740835311E+01
  0.3861243344555544E+01
  0.2931946496656750E+01
  0.2435086238028016E+01
  0.2331918211798781E+01
  0.2410618860466396E+01
  0.2511251517771772E+01
  0.2550658990764797E+01
  0.2497856293798697E+01
  0.2354516775082603E+01
  0.2141013492104741E+01
  0.1883973380155845E+01
  0.1621286187262162E+01
  0.1456294381093595E+01
  0.1644603798189825E+01
  0.2516176012845009E+01
  0.3835093079457176E+01
  0.3624244403372859E+01
 -0.1524659305057741E-19
 -0.3388131789017201E-20
  0.3401412452944046E+01
  0.4245061223958441E+01
  0.3244121924409870E+01
  0.2304129259000582E+01
  0.1938282709632859E+01
  0.1966433643382026E+01
  0.2142876324467365E+01
  0.2326767293670132E+01
  0.2455342002654946E+01
  0.2501024096400824E+01
  0.2455341964364262E+01
  0.2326767204527195E+01
  0.2142876191392720E+01
  0.1966433531135005E+01
  0.1938282720575155E+01
  0.2304129372450279E+01
  0.3244121728002331E+01
  0.4245059937874798E+01
  0.3401410236827434E+01
 -0.8470329472543003E-20
  0.3388131789017201E-20
  0.3624246705034966E+01
  0.3835094055225989E+01
  0.2516175988940159E+01
  0.1644603645062810E+01
  0.1456294406009349E+01
  0.1621286303154917E+01
  0.1883973436551243E+01
  0.2141013426976753E+01
  0.2354516609224698E+01
  0.2497856075157807E+01
  0.2550658755144068E+01
  0.2511251284749346E+01
  0.2410618657369907E+01
  0.2331918095853894E+01
  0.2435086259105567E+01
  0.2931946548292798E+01
  0.3861242973264631E+01
  0.4528671296365560E+01
  0.3209470029929400E+01
  0.1694065894508601E-19
  0.5082197683525802E-20
  0.3919001832289042E+01
  0.3358544208386798E+01
  0.1709941825582010E+01
  0.9772771845738644E+00
  0.1002934216259366E+01
  0.1297426811659884E+01
  0.1627219029311818E+01
  0.1946381367831189E+01
  0.2243227321148950E+01
  0.2486799810449010E+01
  0.2641816219691545E+01
  0.2697253447811922E+01
  0.2688272198331541E+01
  0.2713127376751174E+01
  0.2937082237707516E+01
  0.3526740678756819E+01
  0.4397595806569126E+01
  0.4739365991587013E+01
  0.3047710894716877E+01
 -0.8470329472543003E-20
  0.1694065894508601E-19
  0.4260327193791592E+01
  0.2411578062588981E+01
  0.7027641077037872E+00
  0.3045334615146453E+00
  0.5973518430692005E+00
  0.1000112953244104E+01
  0.1369041342176220E+01
  0.1739628987493272E+01
  0.2121891901880020E+01
  0.2470723195464537E+01
  0.2731558867795629E+01
  0.2885032790121332E+01
  0.2971434442640850E+01
  0.3099799708638274E+01
  0.3431278924109366E+01
  0.4082316804061989E+01
  0.4863031434496730E+01
  0.4899984007776425E+01
  0.2913189573087589E+01
 -0.6776263578034403E-20
  0.2032879073410321E-19
  0.5213433419086278E+01
  0.1681085156088597E+01
 -0.2688236242054458E+00
 -0.2473604036689364E+00
  0.3070867097843585E+00
  0.7549666432444797E+00
  0.1121968954241201E+01
  0.1537818464345973E+01
  0.2015545980964717E+01
  0.2477927186017692E+01
  0.2844534453806449E+01
  0.3090197799309920E+01
  0.3263879748209066E+01
  0.3483990548039765E+01
  0.3903186395101429E+01
  0.4589339115382479E+01
  0.5260509715147168E+01
  0.5003171972643562E+01
  0.2782173239004865E+01
 -0.1524659305057741E-19
  0.3388131789017201E-20
  0.4038901509190763E+01
 -0.6538133292806567E+00
 -0.1488553235994972E+01
 -0.6555180715392639E+00
  0.1512552074799378E+00
  0.5645904230094422E+00
  0.8997722889039687E+00
  0.1375729422445135E+01
  0.1976754523705231E+01
  0.2570882691002683E+01
  0.3044600643885176E+01
  0.3370453303215281E+01
  0.3611196537113131E+01
  0.3894647878973990E+01
  0.4363371509760292E+01
  0.5048760183192289E+01
  0.5612254743544510E+01
  0.5125319075700887E+01
  0.2700367821897096E+01
 -0.8470329472543003E-20
 -0.1863472483959461E-19
  0.9567817552501985E+01
 -0.1763487293729400E+01
 -0.3135848975825358E+01
 -0.1333062926813312E+01
 -0.1211485795525275E+00
  0.3102118125754810E+00
  0.6637714875166826E+00
  0.1252606846533008E+01
  0.2018969382626599E+01
  0.2773675447462668E+01
  0.3373953026739721E+01
  0.3792137801350108E+01
  0.4102301532766930E+01
  0.4432467818851878E+01
  0.4901178322958756E+01
  0.5502701997775524E+01
  0.5868428591293173E+01
  0.5057445975637299E+01
  0.2502518136088727E+01
 -0.1016439536705160E-19
 -0.1694065894508601E-20
  0.9167534646300597E+00
 -0.6145430837884654E+01
 -0.6452098475544054E+01
 -0.2574128244268603E+01
 -0.7376834970491110E+00
 -0.1575126643240022E+00
  0.3217568710981485E+00
  0.1065734036515734E+01
  0.1989168053925662E+01
  0.2894070895169807E+01
  0.3643113539881560E+01
  0.4211253767363437E+01
  0.4665900619979702E+01
  0.5108719216270734E+01
  0.5602007207176031E+01
  0.6088987335744034E+01
  0.6290910255196593E+01
  0.5457246120141421E+01
  0.2656303095823616E+01
 -0.5082197683525802E-20
 -0.1694065894508601E-20
  0.1546158337371027E+02
 -0.5048632364143908E+01
 -0.5657263496551887E+01
 -0.2611342671208820E+01
 -0.1327165839688711E+01
 -0.7415814668273547E+00
 -0.1213026067373307E+00
  0.6783585926830260E+00
  0.1573122271762210E+01
  0.2452262885115331E+01
  0.3246171950126044E+01
  0.3944246324044748E+01
  0.4590826183613760E+01
  0.5247181899120675E+01
  0.5913966266546046E+01
  0.6405624347230259E+01
  0.6207593423470024E+01
  0.4585791952350294E+01
  0.1670068145299462E+01
  0.1694065894508601E-20
  0.3388131789017201E-20
 -0.2622284987950291E+02
 -0.6194672649120807E+01
 -0.1548849163761282E+01
 -0.1484405301923228E+01
 -0.1404027943651287E+01
 -0.9074687496723840E+00
 -0.3423691344865368E+00
  0.1858705083046586E+00
  0.6805259771698334E+00
  0.1161988464887929E+01
  0.1642996886644801E+01
  0.2134545212359141E+01
  0.2664439340191020E+01
  0.3292684034977875E+01
  0.4118170595139599E+01
  0.5237250085122012E+01
  0.6511395966248612E+01
  0.6972573450894075E+01
  0.4547815011277955E+01
  0.1694065894508601E-20
  0.0000000000000000E+00
 -0.3388131789017201E-20
  0.1694065894508601E-20
 -0.3388131789017201E-20
  0.1694065894508601E-20
 -0.3388131789017201E-20
  0.0000000000000000E+00
 -0.1694065894508601E-20
  0.0000000000000000E+00
 -0.6776263578034403E-20
  0.0000000000000000E+00
  0.0000000000000000E+00
 -0.1694065894508601E-20
  0.0000000000000000E+00
 -0.1694065894508601E-20
 -0.1694065894508601E-20
 -0.1694065894508601E-20
  0.1694065894508601E-20
  0.1694065894508601E-20
  0.1694065894508601E-20
 -0.1694065894508601E-20
  0.7367107555008644E+04
  0.7367107555008644E+04
  0.1081615323515700E+05
  0.9339314439332662E+04
  0.7067466373280178E+04
  0.5347564338000325E+04
  0.4179412223607890E+04
  0.3325269709387919E+04
  0.2618755764227940E+04
  0.1977454268788695E+04
  0.1368821166428203E+04
  0.7768568682463508E+03
  0.1684389282765534E+03
 -0.5161571762750137E+03
 -0.1317340830178675E+04
 -0.2064247002757565E+04
 -0.1855967654523963E+04
 -0.4304354481553091E+03
 -0.5825283585359285E+04
 -0.5429906041328256E+05
 -0.5429906979130489E+05
  0.7367107555008644E+04
 -0.3819451189734323E+04
 -0.4898120038290841E+04
 -0.3051269484988706E+04
 -0.1565525584848780E+04
 -0.8115140509510707E+03
 -0.4563786648177243E+03
 -0.2558815112545909E+03
 -0.1145998852517651E+03
 -0.1171316279821982E+02
  0.5113252186556996E+02
  0.7955081656336041E+02
  0.1092132662837139E+03
  0.2106300925109828E+03
  0.4567581783206372E+03
  0.7588280703469951E+03
  0.1493611070013033E+03
 -0.2856373373540752E+04
 -0.3216651028613065E+04
  0.4566330511345455E+05
 -0.5429907916932733E+05
  0.9821519832396492E+03
  0.2043858144223473E+04
  0.1276972724823328E+04
 -0.1736157150556302E+03
 -0.8169454667546478E+03
 -0.9523272960056745E+03
 -0.9038038767203318E+03
 -0.8121239801034152E+03
 -0.7073870628350953E+03
 -0.5795437128264809E+03
 -0.4175468451064020E+03
 -0.2242045627511466E+03
 -0.1366753204329569E+02
  0.1675686858972742E+03
  0.1967488726030244E+03
 -0.7948294828604554E+02
 -0.4294519064204727E+03
  0.2595411909813943E+04
  0.8890674253300445E+04
 -0.3688041186689244E+05
  0.3699411000624136E+05
  0.3386642310533009E+04
 -0.3981534175850570E+03
 -0.1605816048464549E+04
 -0.6626832535395100E+03
 -0.1790434547991513E+03
 -0.1117717718470329E+03
 -0.1616597642974106E+03
 -0.2421724459535391E+03
 -0.3152212271712763E+03
 -0.3440761265457686E+03
 -0.2974199357217494E+03
 -0.1713965452738733E+03
 -0.1239873668726565E+02
  0.6989139240831845E+02
 -0.7515664494621413E+02
 -0.5078379535016468E+03
 -0.5085479360289048E+03
  0.3659376098795095E+04
  0.6019633665258894E+04
  0.6086779438016162E+04
 -0.1943285259162007E+04
  0.2922214388554244E+04
  0.1616176540708999E+03
 -0.5094075006813933E+03
 -0.3854834812734271E+03
 -0.4310703069034670E+01
  0.1516733365419921E+03
  0.1378491618262869E+03
  0.5864397736981963E+02
 -0.2804888108876084E+02
 -0.8642397126993961E+02
 -0.8898159140446684E+02
 -0.2964274750303091E+02
  0.5102631056264231E+02
  0.6082624289569363E+02
 -0.1116806871028803E+03
 -0.4995792991262239E+03
 -0.6496842328386854E+03
  0.2678378996215590E+03
  0.3487778867241341E+04
 -0.1403163313837056E+05
  0.1849719847947735E+05
  0.3318735933101038E+04
 -0.1565851357017721E+03
 -0.9651101181526441E+03
 -0.4701561542932453E+03
 -0.3447336235896974E+02
  0.1301779538012725E+03
  0.1316606034355431E+03
  0.7944732935889078E+02
  0.2737029432303315E+02
 -0.2716245626813327E+01
  0.1128213159104443E+00
  0.3457774671391478E+02
  0.7288765417654650E+02
  0.6039394401057426E+02
 -0.5263128271565265E+02
 -0.2275340417383840E+03
 -0.1664539868821228E+03
  0.5149451186525334E+03
  0.2770173594784822E+04
 -0.8112679455001887E+03
  0.5252316995975370E+04
  0.3441002979731823E+04
 -0.2047861254256378E+03
 -0.8496232991574424E+03
 -0.3832402020213601E+03
 -0.5352577977802381E+01
  0.1111283452197726E+03
  0.9065516729493974E+02
  0.3793429980683587E+02
 -0.1359112347644220E+01
 -0.1529038777945776E+02
 -0.4571441588625486E+01
  0.2229374315503344E+02
  0.4483273314884479E+02
  0.3512730262883622E+02
 -0.9864954472088790E+01
 -0.2023907297760374E+01
  0.2585938270391947E+03
  0.7467254273428415E+03
  0.1675052448942940E+03
 -0.4349363515659800E+04
  0.8430801105564069E+04
  0.3680408155176033E+04
 -0.3691569354408728E+03
 -0.9145070922378178E+03
 -0.3117781719532284E+03
  0.5489166056150579E+02
  0.1282835364314247E+03
  0.8051343710870923E+02
  0.1736770346248744E+02
 -0.2356942669075712E+02
 -0.3694707674055918E+02
 -0.2819830949575256E+02
 -0.7979301957797666E+01
  0.7893668025019577E+01
  0.5913639854266656E+01
  0.2125741104069875E+01
  0.7714049027931794E+02
  0.3269246004282291E+03
  0.6154837995465139E+03
  0.3954329995258610E+03
 -0.2198916744694121E+04
  0.6211851048541444E+04
  0.3923019446090857E+04
 -0.5315281468907535E+03
 -0.9051181952064853E+03
 -0.2166356115115736E+03
  0.1210888616042841E+03
  0.1515820904690468E+03
  0.8170317081804515E+02
  0.1323186576985190E+02
 -0.2767132393186608E+02
 -0.4266718782483638E+02
 -0.3908701895712269E+02
 -0.2600428005620752E+02
 -0.1380915737544672E+02
 -0.6499349681202793E+01
  0.1780582997518720E+02
  0.1165007675330462E+03
  0.3080945645639711E+03
  0.3460809443873145E+03
 -0.6135408297071134E+03
 -0.1773153945568578E+04
  0.5589378912865495E+04
  0.4223384528578629E+04
 -0.7440361585471499E+03
 -0.8835027172356238E+03
 -0.1020322251494867E+03
  0.1843630488728543E+03
  0.1654354820418933E+03
  0.7749610192809017E+02
  0.1036037640386596E+02
 -0.2553762944477308E+02
 -0.3968292568785787E+02
 -0.4014069248173741E+02
 -0.3263863089822726E+02
 -0.2148697766939457E+02
 -0.3685173231517252E+01
  0.4237427463357290E+02
  0.1501153007649519E+03
  0.2897648606467851E+03
  0.2108354029100850E+03
 -0.6262019224627752E+03
 -0.1336589920000043E+04
  0.5017390706697021E+04
  0.4587068756036653E+04
 -0.1010747868295570E+04
 -0.8318964985115102E+03
  0.2437360761757067E+02
  0.2393335961917287E+03
  0.1655706438255897E+03
  0.6407824167657570E+02
  0.4099868743430829E+01
 -0.2364660576146486E+02
 -0.3587701806474553E+02
 -0.3954129763339171E+02
 -0.3587702144153379E+02
 -0.2364660011363851E+02
  0.4099898000599516E+01
  0.6407828505010310E+02
  0.1655706344278912E+03
  0.2393334231884790E+03
  0.2437327672665292E+02
 -0.8318964271874070E+03
 -0.1010746600330475E+04
  0.4587067895593417E+04
  0.5017391592448193E+04
 -0.1336591352038789E+04
 -0.6262015727017599E+03
  0.2108358372091927E+03
  0.2897650045664080E+03
  0.1501152661465383E+03
  0.4237420991256926E+02
 -0.3685202169426470E+01
 -0.2148697221786406E+02
 -0.3263861312084996E+02
 -0.4014067783571964E+02
 -0.3968291597434153E+02
 -0.2553761592388943E+02
  0.1036040122454594E+02
  0.7749612134410935E+02
  0.1654354336262505E+03
  0.1843628493454776E+03
 -0.1020325324451118E+03
 -0.8835025901684551E+03
 -0.7440350545491192E+03
  0.4223383744003026E+04
  0.5589379876558910E+04
 -0.1773155635932968E+04
 -0.6135407702768078E+03
  0.3460813213526496E+03
  0.3080946383144348E+03
  0.1165006856988006E+03
  0.1780574923263760E+02
 -0.6499374583949472E+01
 -0.1380913995857704E+02
 -0.2600424827172545E+02
 -0.3908699022167679E+02
 -0.4266716605954723E+02
 -0.2767130495707715E+02
  0.1323188281526986E+02
  0.8170316548791112E+02
  0.1515820100337905E+03
  0.1210886552087031E+03
 -0.2166358508783603E+03
 -0.9051179729469852E+03
 -0.5315271778646584E+03
  0.3923018733491529E+04
  0.6211851539662720E+04
 -0.2198918118947960E+04
  0.3954344119729205E+03
  0.6154842268454686E+03
  0.3269246378105966E+03
  0.7714039121164600E+02
  0.2125662355916842E+01
  0.5913626079383896E+01
  0.7893698831669025E+01
 -0.7979256247511853E+01
 -0.2819826627194960E+02
 -0.3694704109709424E+02
 -0.2356939857805124E+02
  0.1736771881454873E+02
  0.8051341684554031E+02
  0.1282834373629194E+03
  0.5489145677434553E+02
 -0.3117783556061004E+03
 -0.9145067758680950E+03
 -0.3691560493391680E+03
  0.3680407491867310E+04
  0.8430803815100831E+04
 -0.4349367797288402E+04
  0.1675062141653339E+03
  0.7467257930710061E+03
  0.2585937846903465E+03
 -0.2024030333319189E+01
 -0.9865020876515752E+01
  0.3512731084247865E+02
  0.4483278592802749E+02
  0.2229380751814058E+02
 -0.4571384624258420E+01
 -0.1529034127288921E+02
 -0.1359073832184078E+01
  0.3793432423974819E+02
  0.9065515403435954E+02
  0.1111282575735252E+03
 -0.5352751844421334E+01
 -0.3832403447026203E+03
 -0.8496230693176266E+03
 -0.2047854292534047E+03
  0.3441002491900446E+04
  0.5252315333388809E+04
 -0.8112673336045267E+03
  0.2770176876527433E+04
  0.5149435778953618E+03
 -0.1664546537917822E+03
 -0.2275343979020533E+03
 -0.5263139126914994E+02
  0.6039397542350961E+02
  0.7288774753049690E+02
  0.3457784302674871E+02
  0.1128846858539684E+00
 -0.2716216765049801E+01
  0.2737030538946996E+02
  0.7944732988529596E+02
  0.1316605784257129E+03
  0.1301778789891579E+03
 -0.3447347305972274E+02
 -0.4701561389444257E+03
 -0.9651095256909555E+03
 -0.1565843300509849E+03
  0.3318735386183686E+04
  0.1849720101772614E+05
 -0.1403164059379113E+05
  0.3487781173083144E+04
  0.2678375181518711E+03
 -0.6496849064426024E+03
 -0.4995799540962699E+03
 -0.1116809028140551E+03
  0.6082628832692865E+02
  0.5102647036658626E+02
 -0.2964259173505383E+02
 -0.8898151861998615E+02
 -0.8642399750559903E+02
 -0.2804897880773606E+02
  0.5864383789161261E+02
  0.1378489904960387E+03
  0.1516731412726768E+03
 -0.4310872958903963E+01
 -0.3854835725381022E+03
 -0.5094077744657993E+03
  0.1616177347846570E+03
  0.2922214596358298E+04
 -0.1943287030490935E+04
  0.6086782310522696E+04
  0.6019634147106004E+04
  0.3659383094019568E+04
 -0.5085479714460034E+03
 -0.5078386875911472E+03
 -0.7515693407312993E+02
  0.6989146692888704E+02
 -0.1239848378723540E+02
 -0.1713962872321546E+03
 -0.2974197860626884E+03
 -0.3440761353105597E+03
 -0.3152213940964464E+03
 -0.2421727468795598E+03
 -0.1616601708905098E+03
 -0.1117722348797601E+03
 -0.1790438223745440E+03
 -0.6626829400575062E+03
 -0.1605814172366321E+04
 -0.3981519808400873E+03
  0.3386641510348377E+04
  0.3699411140071346E+05
 -0.3688042381042085E+05
  0.8890674203571243E+04
  0.2595415870663512E+04
 -0.4294522901548266E+03
 -0.7948347081856720E+02
  0.1967487444308557E+03
  0.1675688711435980E+03
 -0.1366721520195789E+02
 -0.2242042229664034E+03
 -0.4175465262219582E+03
 -0.5795434600181017E+03
 -0.7073869193473220E+03
 -0.8121239702263611E+03
 -0.9038040135589673E+03
 -0.9523276097564330E+03
 -0.8169460726180502E+03
 -0.1736169306567455E+03
  0.1276970321043136E+04
  0.2043854930389983E+04
  0.9821554439643764E+03
 -0.5429908028568501E+05
  0.4566332273616737E+05
 -0.3216656228506123E+04
 -0.2856377831893624E+04
  0.1493605671773173E+03
  0.7588287307134710E+03
  0.4567585678772770E+03
  0.2106302696591651E+03
  0.1092133576042636E+03
  0.7955093213938319E+02
  0.5113275422742415E+02
 -0.1171276733336819E+02
 -0.1145993160070720E+03
 -0.2558807642994817E+03
 -0.4563777085829662E+03
 -0.8115127733800201E+03
 -0.1565523726091588E+04
 -0.3051266671268501E+04
 -0.4898116203504536E+04
 -0.3819447265738915E+04
  0.7367104736612556E+04
 -0.5429908966371070E+05
 -0.5429909904173639E+05
 -0.5825283273930089E+04
 -0.4304311329992607E+03
 -0.1855967654539899E+04
 -0.2064248851765775E+04
 -0.1317342400164379E+04
 -0.5161583288509388E+03
  0.1684380574612123E+03
  0.7768561689469090E+03
  0.1368820570315109E+04
  0.1977453764045722E+04
  0.2618755363243546E+04
  0.3325269400847483E+04
  0.4179411933621474E+04
  0.5347563899126605E+04
  0.7067465523868233E+04
  0.9339312919582120E+04
  0.1081615098064168E+05
  0.7367104736612556E+04
  0.7367104736612556E+04
 -0.5239070417165177E+01
  0.1000000000000000E+01
  0.1000000000000000E+01
  0.1000000000000000E+01
  0.1000000000000000E+01
  0.1000000000000000E+01
  0.1000000000000000E+01
  0.1000000000000000E+01
  0.1000000000000000E+01
  0.1000000000000000E+01
  0.1000000000000000E+01
  0.1000000000000000E+01
  0.1000000000000000E+01
  0.1000000000000000E+01
  0.1000000000000000E+01
  0.1000000000000000E+01
  0.1000000000000000E+01
  0.1000000000000000E+01
  0.1000000000000000E+01
  0.1000000000000000E+01
  0.6926416183958906E+01
 -0.1147814083433035E+02
 -0.1047499072110617E+02
 -0.7465540381433595E+01
 -0.4648202886359819E+01
 -0.2711438404548506E+01
 -0.1488920946944747E+01
 -0.7051240858108981E+00
 -0.1781575357814912E+00
  0.1918709184063394E+00
  0.4609452620593320E+00
  0.6637669636769868E+00
  0.8301249982550810E+00
  0.1006608542365932E+01
  0.1286462091177061E+01
  0.1858474691234745E+01
  0.3103321892333845E+01
  0.5568615817750018E+01
  0.9649358909775037E+01
  0.1615437558093233E+02
  0.1367821817117144E+02
  0.1285283236791781E+02
 -0.8066992338197874E+01
 -0.7486958455445693E+01
 -0.5746856807189147E+01
 -0.4365799058748195E+01
 -0.3105957673800102E+01
 -0.2060770505830514E+01
 -0.1252652153057894E+01
 -0.6466530899216282E+00
 -0.1886414240727089E+00
  0.1690773544650138E+00
  0.4605209129307651E+00
  0.7155411956346356E+00
  0.9828521716875352E+00
  0.1350824486017629E+01
  0.1962825702956457E+01
  0.3051033765903307E+01
  0.4370323768134464E+01
  0.1547151071192274E+01
 -0.5617952151632761E+01
  0.5293966561498519E+01
  0.8931272799208946E+01
 -0.9341537482122794E+01
 -0.8742428633495742E+01
 -0.6945102087614585E+01
 -0.4623115389272789E+01
 -0.2933193545545233E+01
 -0.1837106799630875E+01
 -0.1095846052951164E+01
 -0.5664631833630390E+00
 -0.1662785980265284E+00
  0.1570151826685274E+00
  0.4374284255694910E+00
  0.7025252097882790E+00
  0.9902062914205079E+00
  0.1360353107328302E+01
  0.1899132169012743E+01
  0.2723880914822081E+01
  0.3640866788613759E+01
  0.2859798522795713E+01
  0.8967896155182768E+01
  0.5311892603731445E+02
  0.6783593599802501E+02
 -0.9528243345307677E+01
 -0.8844828594239960E+01
 -0.6794584341036809E+01
 -0.4555958943997148E+01
 -0.2819102236660770E+01
 -0.1678037121919259E+01
 -0.9437301920607452E+00
 -0.4442714627220120E+00
 -0.7626112333406923E-01
  0.2198228433392772E+00
  0.4814728931374243E+00
  0.7385931312343450E+00
  0.1025518430756650E+01
  0.1388298990122032E+01
  0.1879693241554896E+01
  0.2526675026280969E+01
  0.3223078603330953E+01
  0.3868107449340085E+01
  0.3132412885916798E+01
  0.2041223857245662E+02
  0.2617218046796989E+02
 -0.1017978414483880E+02
 -0.9423200950840810E+01
 -0.7153451368846848E+01
 -0.4645657959577240E+01
 -0.2815459950255631E+01
 -0.1644813809934275E+01
 -0.9022087307905005E+00
 -0.4031334768093533E+00
 -0.3826878177034496E-01
  0.2538660867132568E+00
  0.5119659319519223E+00
  0.7676164195560141E+00
  0.1055442968090194E+01
  0.1418033202345266E+01
  0.1896832306073158E+01
  0.2499266852294961E+01
  0.3211732549850586E+01
  0.4431540138635298E+01
  0.8947445696580216E+01
  0.2819643580016023E+02
  0.3461276583468690E+02
 -0.1078994660411582E+02
 -0.9922414095486056E+01
 -0.7319816569596773E+01
 -0.4659854125359405E+01
 -0.2798097033591023E+01
 -0.1633441236612139E+01
 -0.8986702908325945E+00
 -0.4031881461513043E+00
 -0.3848916802961169E-01
  0.2553778269161373E+00
  0.5161678374508161E+00
  0.7751854930447788E+00
  0.1066447153345499E+01
  0.1430166958232441E+01
  0.1905483036714871E+01
  0.2516584091936680E+01
  0.3330323082024041E+01
  0.4767342031091761E+01
  0.8111224271867437E+01
  0.2080924310286292E+02
  0.2504191604652807E+02
 -0.1155479883883004E+02
 -0.1055562888963421E+02
 -0.7558119042046715E+01
 -0.4667243200431271E+01
 -0.2760600950029244E+01
 -0.1610600435538196E+01
 -0.8937280857861203E+00
 -0.4083606014877275E+00
 -0.4743330638183683E-01
  0.2465040137353668E+00
  0.5096806897711230E+00
  0.7722227973340512E+00
  0.1066113002560656E+01
  0.1427855098565166E+01
  0.1895061844746326E+01
  0.2510360765817557E+01
  0.3404294088871525E+01
  0.5124747887844991E+01
  0.9537871186439888E+01
  0.1893034007905873E+02
  0.2206116304326502E+02
 -0.1243553141575591E+02
 -0.1127048458152818E+02
 -0.7775344078844979E+01
 -0.4651259605324113E+01
 -0.2710946826195154E+01
 -0.1581594616568071E+01
 -0.8850922447713815E+00
 -0.4105857154273523E+00
 -0.5385471822631500E-01
  0.2394586886469793E+00
  0.5040473837016095E+00
  0.7688450506279257E+00
  0.1063670423685381E+01
  0.1421928708137864E+01
  0.1881910456659017E+01
  0.2503628583581951E+01
  0.3456763216772743E+01
  0.5270439758006564E+01
  0.9273960645727517E+01
  0.1690903855639774E+02
  0.1945406452662115E+02
 -0.1349400523105006E+02
 -0.1211849906271919E+02
 -0.7991980557726573E+01
 -0.4615138012833025E+01
 -0.2655297302782352E+01
 -0.1553843360307625E+01
 -0.8778501332707318E+00
 -0.4119843962979524E+00
 -0.5762144756465618E-01
  0.2357294875943861E+00
  0.5013230102899262E+00
  0.7672551824867607E+00
  0.1061906601489102E+01
  0.1417337879515735E+01
  0.1875155718425021E+01
  0.2512080830679791E+01
  0.3528052532800546E+01
  0.5451788003844271E+01
  0.9358938467747839E+01
  0.1536724786106631E+02
  0.1737001765883914E+02
 -0.1477842151515268E+02
 -0.1312799535933089E+02
 -0.8176716891865489E+01
 -0.4543937126120932E+01
 -0.2592662392322874E+01
 -0.1529847110227110E+01
 -0.8742570736111579E+00
 -0.4141572481759329E+00
 -0.6012445806876591E-01
  0.2338593012173298E+00
  0.4999998352474928E+00
  0.7661403401426906E+00
  0.1060124007973170E+01
  0.1414156634667618E+01
  0.1874256213923837E+01
  0.2529845899385881E+01
  0.3592660626826677E+01
  0.5543934255806697E+01
  0.9176711471954103E+01
  0.1412798525346158E+02
  0.1577840984729740E+02
 -0.1637003023679632E+02
 -0.1436725864505417E+02
 -0.8358943869827703E+01
 -0.4451790779864823E+01
 -0.2528054276828864E+01
 -0.1512082055302085E+01
 -0.8751565908750640E+00
 -0.4173384959330694E+00
 -0.6190704895571103E-01
  0.2327444616200347E+00
  0.4986766603768293E+00
  0.7642701515854154E+00
  0.1057620995789349E+01
  0.1411983786206740E+01
  0.1877849284141282E+01
  0.2553842155865243E+01
  0.3655295501582016E+01
  0.5615135008887862E+01
  0.8991975005001354E+01
  0.1311848950695892E+02
  0.1449399434094478E+02
 -0.1845407840483651E+02
 -0.1590905014253815E+02
 -0.8273965355643073E+01
 -0.4270442318223221E+01
 -0.2456764937982584E+01
 -0.1503629830180077E+01
 -0.8819113443985797E+00
 -0.4219293266335745E+00
 -0.6367086727157605E-01
  0.2311545969156091E+00
  0.4959522873775140E+00
  0.7605409484372019E+00
  0.1053854264665791E+01
  0.1410585107688999E+01
  0.1885091402803034E+01
  0.2581593413302475E+01
  0.3710944991790047E+01
  0.5651256511054633E+01
  0.8775338500847528E+01
  0.1227047551685620E+02
  0.1343552118885910E+02
 -0.2106117847862467E+02
 -0.1793035292726927E+02
 -0.8537876273203072E+01
 -0.4124750401104880E+01
 -0.2404295830093830E+01
 -0.1510362048273767E+01
 -0.8950627512866544E+00
 -0.4278557191889467E+00
 -0.6611344197637214E-01
  0.2277768537027432E+00
  0.4903189818034759E+00
  0.7534956212794736E+00
  0.1047432850267561E+01
  0.1408359993217471E+01
  0.1893727244691996E+01
  0.2610599224688838E+01
  0.3760599077034820E+01
  0.5667240020962584E+01
  0.8558113440041463E+01
  0.1155562022086861E+02
  0.1255478914781099E+02
 -0.2404193124789520E+02
 -0.1980925513090093E+02
 -0.7111226779918143E+01
 -0.3767344293771358E+01
 -0.2330324802971430E+01
 -0.1516585389292237E+01
 -0.9054839544960045E+00
 -0.4301675797968236E+00
 -0.6644759000720910E-01
  0.2248141601962836E+00
  0.4838318351299977E+00
  0.7446218084020346E+00
  0.1038488712078859E+01
  0.1403187537875902E+01
  0.1898669446584407E+01
  0.2633440010034759E+01
  0.3798095118187351E+01
  0.5659850886953198E+01
  0.8319811035429332E+01
  0.1092240584109212E+02
  0.1178993744297972E+02
 -0.3361279124336800E+02
 -0.2719645578372548E+02
 -0.7947449404797929E+01
 -0.3431542179135624E+01
 -0.2211734087134871E+01
 -0.1499268088048457E+01
 -0.8968332061760337E+00
 -0.4180338183910737E+00
 -0.5544340414425206E-01
  0.2323832331053058E+00
  0.4880337424283976E+00
  0.7461335553913059E+00
  0.1038268338222522E+01
  0.1403132884551016E+01
  0.1902207900061111E+01
  0.2644812581551485E+01
  0.3815457997548314E+01
  0.5645654626357421E+01
  0.8153445695425111E+01
  0.1042319285152334E+02
  0.1117977523688942E+02
 -0.2517219093681672E+02
 -0.1941224548632612E+02
 -0.2132409134854319E+01
 -0.2868109980537909E+01
 -0.2223080202702811E+01
 -0.1526676280860290E+01
 -0.8796941223032902E+00
 -0.3882995962367702E+00
 -0.2551886800849808E-01
  0.2614065162809126E+00
  0.5185267783674711E+00
  0.7801768054423558E+00
  0.1076260701899114E+01
  0.1444270909158445E+01
  0.1943729411417515E+01
  0.2678035943431821E+01
  0.3819100324595915E+01
  0.5555955703323727E+01
  0.7794579103648432E+01
  0.9844821098074442E+01
  0.1052823509621645E+02
 -0.6683597432700023E+02
 -0.5211895712635278E+02
 -0.7967905524410429E+01
 -0.1859797513069393E+01
 -0.2640868834437089E+01
 -0.1723882462243130E+01
 -0.8991330923541633E+00
 -0.3603537142975956E+00
  0.9793271434765246E-02
  0.2974744301195753E+00
  0.5625712270739797E+00
  0.8429844430808393E+00
  0.1166278160497378E+01
  0.1566462626664558E+01
  0.2095845280594574E+01
  0.2837105638030275E+01
  0.3933191646739076E+01
  0.5623111966899810E+01
  0.7945095960547895E+01
  0.9742420337713050E+01
  0.1034152846343477E+02
 -0.7931275002990034E+01
 -0.4293967943465866E+01
  0.6617953235106639E+01
 -0.5471473807084941E+00
 -0.3370326335902692E+01
 -0.2051035763315841E+01
 -0.9628267568476430E+00
 -0.3508251050527454E+00
  0.1714741662110064E-01
  0.2844584629668467E+00
  0.5394787268359936E+00
  0.8309222178344816E+00
  0.1188640888654269E+01
  0.1646652382002608E+01
  0.2252651160782221E+01
  0.3060769064029310E+01
  0.4105955595470920E+01
  0.5365796193376350E+01
  0.6746853022904566E+01
  0.8486952526267711E+01
  0.9066985694055425E+01
 -0.1185284029438658E+02
 -0.1267822673075306E+02
 -0.1515438603985250E+02
 -0.8649366839779461E+01
 -0.4568620968230369E+01
 -0.2103324407598394E+01
 -0.8584757886482317E+00
 -0.2864626074861385E+00
 -0.6608830601996427E-02
  0.1698747745501660E+00
  0.3362327770613318E+00
  0.5390543868054818E+00
  0.8081285772401169E+00
  0.1178156781844047E+01
  0.1705122911641456E+01
  0.2488919046449217E+01
  0.3711435246019727E+01
  0.5648197643251206E+01
  0.8465532029411794E+01
  0.1147497837691486E+02
  0.1247812715941588E+02
 -0.5926420147193292E+01
  0.0000000000000000E+00
  0.0000000000000000E+00
  0.0000000000000000E+00
  0.0000000000000000E+00
  0.0000000000000000E+00
  0.0000000000000000E+00
  0.0000000000000000E+00
  0.0000000000000000E+00
  0.0000000000000000E+00
  0.0000000000000000E+00
  0.0000000000000000E+00
  0.0000000000000000E+00
  0.0000000000000000E+00
  0.0000000000000000E+00
  0.0000000000000000E+00
  0.0000000000000000E+00
  0.0000000000000000E+00
  0.0000000000000000E+00
  0.0000000000000000E+00
  0.6239063579707942E+01
