# x y stream-function vorticity temperature
# Unflattened from original Fortran order: Do I=1,NQ; Do j=1,NX+2; Do k=1,NY+2
# NQ=3, NX=19, NY=19, total_nodes_x=21, total_nodes_y=21
0.0000000000000000E+00 0.0000000000000000E+00 -1.3552527156068811E-20 3.7200807037368773E+04 -6.1818240418732291E+00
0.0000000000000000E+00 5.0000000000000003E-02 -1.5246593050577409E-20 3.7200807037368773E+04 1.0000000000000000E+00
0.0000000000000000E+00 1.0000000000000001E-01 -2.5410988417629010E-20 1.7190146987311091E+04 1.0000000000000000E+00
0.0000000000000000E+00 1.5000000000000002E-01 0.0000000000000000E+00 9.0662664826498531E+03 1.0000000000000000E+00
0.0000000000000000E+00 2.0000000000000001E-01 9.9949887776007440E-20 5.9326408639710198E+03 1.0000000000000000E+00
0.0000000000000000E+00 2.5000000000000000E-01 -3.2187251995663413E-20 4.8421429237020538E+03 1.0000000000000000E+00
0.0000000000000000E+00 3.0000000000000004E-01 7.9621097041904232E-20 4.3806804830202018E+03 1.0000000000000000E+00
0.0000000000000000E+00 3.5000000000000003E-01 -1.6940658945086011E-21 3.9892877763105639E+03 1.0000000000000000E+00
0.0000000000000000E+00 4.0000000000000002E-01 5.7598240413292423E-20 3.5828042729187182E+03 1.0000000000000000E+00
0.0000000000000000E+00 4.5000000000000001E-01 9.1479558303464437E-20 3.2175115819556918E+03 1.0000000000000000E+00
0.0000000000000000E+00 5.0000000000000000E-01 1.8295911660692890E-19 2.9251669139169849E+03 1.0000000000000000E+00
0.0000000000000000E+00 5.5000000000000004E-01 -1.3383120566617950E-19 2.6924685458630752E+03 1.0000000000000000E+00
0.0000000000000000E+00 6.0000000000000009E-01 9.9949887776007440E-20 2.4851713038764869E+03 1.0000000000000000E+00
0.0000000000000000E+00 6.5000000000000002E-01 -3.3881317890172008E-20 2.2673729812503070E+03 1.0000000000000000E+00
0.0000000000000000E+00 7.0000000000000007E-01 -6.7762635780344027E-20 2.0108508467334291E+03 1.0000000000000000E+00
0.0000000000000000E+00 7.5000000000000000E-01 1.9142944607947190E-19 1.7010360329028019E+03 1.0000000000000000E+00
0.0000000000000000E+00 8.0000000000000004E-01 -3.8963515573697822E-20 1.3424957055900891E+03 1.0000000000000000E+00
0.0000000000000000E+00 8.5000000000000009E-01 1.6263032587282569E-19 9.5915964612489199E+02 1.0000000000000000E+00
0.0000000000000000E+00 9.0000000000000002E-01 -1.2705494208814510E-19 5.8041298203012639E+02 1.0000000000000000E+00
0.0000000000000000E+00 9.5000000000000007E-01 3.2695471764015988E-19 2.1017002715779489E+02 1.0000000000000000E+00
0.0000000000000000E+00 1.0000000000000000E+00 2.2531076396964389E-19 2.1017010501760481E+02 9.7434604110611156E-01
5.0000000000000003E-02 0.0000000000000000E+00 -1.1858461261560200E-20 3.7200807037368773E+04 -1.3363648083746460E+01
5.0000000000000003E-02 5.0000000000000003E-02 1.9006395558758921E+01 -2.8786266093159451E+04 -1.1224370683043089E+01
5.0000000000000003E-02 1.0000000000000001E-01 1.2091616974774791E+01 -5.3604141000225118E+03 -4.8065384809329794E+00
5.0000000000000003E-02 1.5000000000000002E-01 7.3914687937463510E+00 -3.9300838898750038E+02 -2.5874600205831459E+00
5.0000000000000003E-02 2.0000000000000001E-01 5.1299328484401707E+00 4.4655674139298799E+02 -1.5636686808110880E+00
5.0000000000000003E-02 2.5000000000000000E-01 4.1494765796804192E+00 2.7445764703521309E+02 -1.0081537588203910E+00
5.0000000000000003E-02 3.0000000000000004E-01 3.6596173017827800E+00 2.1720296482048589E+01 -6.1296104314588717E-01
5.0000000000000003E-02 3.5000000000000003E-01 3.2904297563290248E+00 -8.1544372781338566E+01 -2.8139101900718899E-01
5.0000000000000003E-02 4.0000000000000002E-01 2.9557589310748780E+00 -7.1787322670077089E+01 -7.3817051948345570E-03
5.0000000000000003E-02 4.5000000000000001E-01 2.6719863948179090E+00 -2.2256007463755999E+01 2.0504986769234801E-01
5.0000000000000003E-02 5.0000000000000000E-01 2.4513239371210820E+00 3.2843445924276551E+01 3.6334830810115459E-01
5.0000000000000003E-02 5.5000000000000004E-01 2.2801255796567408E+00 8.7364136362742826E+01 4.8113877981786440E-01
5.0000000000000003E-02 6.0000000000000009E-01 2.1303397295994011E+00 1.4247259091182130E+02 5.7153288200448016E-01
5.0000000000000003E-02 6.5000000000000002E-01 1.9716466838954050E+00 1.9720593782520319E+02 6.4458439913066223E-01
5.0000000000000003E-02 7.0000000000000007E-01 1.7782013257414251E+00 2.4598136112569509E+02 7.0721879829699219E-01
5.0000000000000003E-02 7.5000000000000000E-01 1.5334923289412981E+00 2.7830941396959491E+02 7.6384192917177052E-01
5.0000000000000003E-02 8.0000000000000004E-01 1.2355829699407119E+00 2.8040762830175072E+02 8.1689431862483886E-01
5.0000000000000003E-02 8.5000000000000009E-01 8.9958014137570996E-01 2.4067298270893590E+02 8.6684265362912516E-01
5.0000000000000003E-02 9.0000000000000002E-01 5.5113421977589994E-01 1.6189612398171661E+02 9.1036955457005186E-01
5.0000000000000003E-02 9.5000000000000007E-01 2.1771172045113990E-01 1.0216805919519039E+02 9.3911145030168020E-01
5.0000000000000003E-02 1.0000000000000000E+00 1.2705494208814510E-19 2.1017018287741470E+02 9.4869208221222301E-01
1.0000000000000001E-01 0.0000000000000000E+00 1.0164395367051600E-20 -2.1585010337459880E+04 -1.2275058118917000E+01
1.0000000000000001E-01 5.0000000000000003E-02 -8.0317021173817018E+00 2.3893936167675780E+04 -1.0411988010491781E+01
1.0000000000000001E-01 1.0000000000000001E-01 8.5675678971556355E+00 -6.5674088191969704E+03 -4.8227776852161366E+00
1.0000000000000001E-01 1.5000000000000002E-01 1.1361804350020281E+01 -4.1772421011022479E+03 -3.3645169328769251E+00
1.0000000000000001E-01 2.0000000000000001E-01 1.0095177907087450E+01 -2.4762815639507262E+03 -2.5525572996228520E+00
1.0000000000000001E-01 2.5000000000000000E-01 8.4945003065354463E+00 -1.6470840426537679E+03 -1.9047713504410440E+00
1.0000000000000001E-01 3.0000000000000004E-01 7.2528636139450864E+00 -1.2700288903190351E+03 -1.3489960316231360E+00
1.0000000000000001E-01 3.5000000000000003E-01 6.3424818544295674E+00 -1.0589089002156550E+03 -8.7492227077250195E-01
1.0000000000000001E-01 4.0000000000000002E-01 5.6811512611288126E+00 -9.0396827594389890E+02 -4.9315802179691748E-01
1.0000000000000001E-01 4.5000000000000001E-01 5.2252226907580859E+00 -7.8544815943722767E+02 -2.0321654543788209E-01
1.0000000000000001E-01 5.0000000000000000E-01 4.9352923912673941E+00 -7.0049041188523938E+02 1.0957734643092951E-02
1.0000000000000001E-01 5.5000000000000004E-01 4.7572489993224734E+00 -6.4101859111020849E+02 1.7072429161671859E-01
1.0000000000000001E-01 6.0000000000000009E-01 4.6257681427400463E+00 -5.9542543860042281E+02 2.9505886832209721E-01
1.0000000000000001E-01 6.5000000000000002E-01 4.4710605394967908E+00 -5.5198961328757650E+02 3.9827859934823012E-01
1.0000000000000001E-01 7.0000000000000007E-01 4.2226197112702737E+00 -4.9926773543040503E+02 4.9053790528155128E-01
1.0000000000000001E-01 7.5000000000000000E-01 3.8159585757427088E+00 -4.2639357951834069E+02 5.7873775345613732E-01
1.0000000000000001E-01 8.0000000000000004E-01 3.2102785010922128E+00 -3.2807099568626711E+02 6.6674421928627248E-01
1.0000000000000001E-01 8.5000000000000009E-01 2.4132858504901020E+00 -2.1389689921519729E+02 7.5449314183389071E-01
1.0000000000000001E-01 9.0000000000000002E-01 1.4919853392932421E+00 -1.0095118609800500E+02 8.3422008911658363E-01
1.0000000000000001E-01 9.5000000000000007E-01 5.7513281762874935E-01 9.5299619053425005E+01 8.8737665547092415E-01
1.0000000000000001E-01 1.0000000000000000E+00 4.0657581468206422E-20 6.4250996242664769E+02 9.0509551092237095E-01
1.5000000000000002E-01 0.0000000000000000E+00 1.1858461261560200E-20 9.6781326977138860E+02 -2.8435938307943381E+01
1.5000000000000002E-01 5.0000000000000003E-02 3.4070273985061177E-02 -1.8538578844155261E+03 -2.3143350489981039E+01
1.5000000000000002E-01 1.0000000000000001E-01 5.3031474357849904E+00 4.2610122390685058E+02 -7.2655870360939989E+00
1.5000000000000002E-01 1.5000000000000002E-01 9.2417933879745267E+00 -9.7116193359459339E+02 -3.2649355084849319E+00
1.5000000000000002E-01 2.0000000000000001E-01 9.7323513703420090E+00 -8.7434234679559188E+02 -2.2198465853992948E+00
1.5000000000000002E-01 2.5000000000000000E-01 8.8452552853194852E+00 -7.2576939096942135E+02 -1.6879293732407930E+00
1.5000000000000002E-01 3.0000000000000004E-01 7.7197421204720991E+00 -5.3665816964545343E+02 -1.2086938966629850E+00
1.5000000000000002E-01 3.5000000000000003E-01 6.8026667452871887E+00 -4.0604285568902930E+02 -7.8925756592998952E-01
1.5000000000000002E-01 4.0000000000000002E-01 6.1960236194582770E+00 -3.4156201838286739E+02 -4.5861326151657072E-01
1.5000000000000002E-01 4.5000000000000001E-01 5.8705418116207051E+00 -3.2531039114873562E+02 -2.1233520843640361E-01
1.5000000000000002E-01 5.0000000000000000E-01 5.7547748189372712E+00 -3.3843785036279269E+02 -2.9969416547237570E-02
1.5000000000000002E-01 5.5000000000000004E-01 5.7667087599716496E+00 -3.6813596212127351E+02 1.0931873394295839E-01
1.5000000000000002E-01 6.0000000000000009E-01 5.8230077067694426E+00 -4.0755747902137568E+02 2.2162603206860140E-01
1.5000000000000002E-01 6.5000000000000002E-01 5.8373407537263571E+00 -4.5222782010328609E+02 3.1845346774947580E-01
1.5000000000000002E-01 7.0000000000000007E-01 5.7140014213276773E+00 -4.9386368498346138E+02 4.0831381243247028E-01
1.5000000000000002E-01 7.5000000000000000E-01 5.3478304270950119E+00 -5.1363470427164850E+02 4.9804057004321423E-01
1.5000000000000002E-01 8.0000000000000004E-01 4.6463852603516820E+00 -4.8310412457318040E+02 5.9258705990248706E-01
1.5000000000000002E-01 8.5000000000000009E-01 3.5789820308580982E+00 -3.8215568691963398E+02 6.9212241542309172E-01
1.5000000000000002E-01 9.0000000000000002E-01 2.2260902166858081E+00 -2.0356406507531611E+02 7.8548914603974673E-01
1.5000000000000002E-01 9.5000000000000007E-01 8.2908326550455269E-01 1.5718538306758680E+02 8.4788538911339251E-01
1.5000000000000002E-01 1.0000000000000000E+00 -3.3881317890172010E-21 9.1630779042814322E+02 8.6868413680460776E-01
2.0000000000000001E-01 0.0000000000000000E+00 -2.3716922523120409E-20 -4.6227300612009039E+03 -1.2809485021050969E+01
2.0000000000000001E-01 5.0000000000000003E-02 -1.7698090716250370E+00 4.9979184770883267E+03 -1.1661578759691009E+01
2.0000000000000001E-01 1.0000000000000001E-01 4.4708850023784672E+00 -1.2996290748583881E+03 -8.2178599756110984E+00
2.0000000000000001E-01 1.5000000000000002E-01 7.8823353528656011E+00 -1.1804022022361951E+03 -3.8018823453206152E+00
2.0000000000000001E-01 2.0000000000000001E-01 8.2547652015485937E+00 -2.1793628126839329E+02 -2.0058302760188762E+00
2.0000000000000001E-01 2.5000000000000000E-01 7.5225923321633639E+00 6.8718782089231127E+01 -1.3507956542588451E+00
2.0000000000000001E-01 3.0000000000000004E-01 6.6141871716622811E+00 1.6697587743091131E+02 -9.1835516260784045E-01
2.0000000000000001E-01 3.5000000000000003E-01 5.9324157171822183E+00 1.6898967222603889E+02 -5.8024949416668414E-01
2.0000000000000001E-01 4.0000000000000002E-01 5.5736109451192553E+00 1.2060008144801670E+02 -3.2299598159491522E-01
2.0000000000000001E-01 4.5000000000000001E-01 5.4939029274821358E+00 5.3819801753246509E+01 -1.3046843686400689E-01
2.0000000000000001E-01 5.0000000000000000E-01 5.6073772411544960E+00 -1.4798563964118220E+01 1.6669065058371280E-02
2.0000000000000001E-01 5.5000000000000004E-01 5.8256530949915568E+00 -8.1544899442778231E+01 1.3428204706901270E-01
2.0000000000000001E-01 6.0000000000000009E-01 6.0652746264337880E+00 -1.4999810441158129E+02 2.3350618739454609E-01
2.0000000000000001E-01 6.5000000000000002E-01 6.2408536133852062E+00 -2.2592763591216720E+02 3.2189589318848533E-01
2.0000000000000001E-01 7.0000000000000007E-01 6.2523529861812239E+00 -3.1028810371041533E+02 4.0513235746847270E-01
2.0000000000000001E-01 7.5000000000000000E-01 5.9774823266071113E+00 -3.8855412387621863E+02 4.8856302244916489E-01
2.0000000000000001E-01 8.0000000000000004E-01 5.2902175522133348E+00 -4.2426138106466823E+02 5.7717743882719530E-01
2.0000000000000001E-01 8.5000000000000009E-01 4.1218809468252449E+00 -3.7096921611601988E+02 6.7163391557115060E-01
2.0000000000000001E-01 9.0000000000000002E-01 2.5494264877997379E+00 -1.8099838059429851E+02 7.6026084045031750E-01
2.0000000000000001E-01 9.5000000000000007E-01 9.0807349708384455E-01 2.4299275582730149E+02 8.1869156577578606E-01
2.0000000000000001E-01 1.0000000000000000E+00 3.4897757426877169E-19 9.6819243561676433E+02 8.3816847421760887E-01
2.5000000000000000E-01 0.0000000000000000E+00 -1.3552527156068811E-20 1.0423390032158570E+03 -1.4349137457299291E+01
2.5000000000000000E-01 5.0000000000000003E-02 9.1060500223108942E-01 1.0077393379135580E+02 -1.2908806810246240E+01
2.5000000000000000E-01 1.0000000000000001E-01 4.2332133935131244E+00 -2.2371672899909851E+02 -8.5878148690871026E+00
2.5000000000000000E-01 1.5000000000000002E-01 6.8306773888078940E+00 -8.6492282279413598E+02 -4.2365176554824640E+00
2.5000000000000000E-01 2.0000000000000001E-01 7.1282350712538882E+00 -2.7887518408801361E+02 -2.0966072240293880E+00
2.5000000000000000E-01 2.5000000000000000E-01 6.3708066180664984E+00 1.8724652737142191E+02 -1.2347979383777461E+00
2.5000000000000000E-01 3.0000000000000004E-01 5.5667911086890758E+00 3.1220558613058358E+02 -7.8099856124688105E-01
2.5000000000000000E-01 3.5000000000000003E-01 5.0656674478755299E+00 2.8505332664970098E+02 -4.7518253918425868E-01
2.5000000000000000E-01 4.0000000000000002E-01 4.9027000293808456E+00 2.1161756123559860E+02 -2.5222014736280218E-01
2.5000000000000000E-01 4.5000000000000001E-01 5.0042263341654660E+00 1.3587972202560530E+02 -8.3703128516933747E-02
2.5000000000000000E-01 5.0000000000000000E-01 5.2750146781136156E+00 6.9636651401861968E+01 4.9110161881100241E-02
2.5000000000000000E-01 5.5000000000000004E-01 5.6244993698065464E+00 1.1299940690377280E+01 1.5915324380196949E-01
2.5000000000000000E-01 6.0000000000000009E-01 5.9686228849445966E+00 -4.5549292394864707E+01 2.5503624330073771E-01
2.5000000000000000E-01 6.5000000000000002E-01 6.2229764085441488E+00 -1.0934590540638629E+02 3.4224671857547012E-01
2.5000000000000000E-01 7.0000000000000007E-01 6.2905334708950820E+00 -1.8614490923774170E+02 4.2442664022212329E-01
2.5000000000000000E-01 7.5000000000000000E-01 6.0506421926150793E+00 -2.6831444017511927E+02 5.0489212289713181E-01
2.5000000000000000E-01 8.0000000000000004E-01 5.3712701202075914E+00 -3.2176731088676229E+02 5.8714425892257471E-01
2.5000000000000000E-01 8.5000000000000009E-01 4.1715316534470901E+00 -2.8799830570494032E+02 6.7140996059174141E-01
2.5000000000000000E-01 9.0000000000000002E-01 2.5356236282740068E+00 -9.8801027261690848E+01 7.4748310907747728E-01
2.5000000000000000E-01 9.5000000000000007E-01 8.6126614270371271E-01 3.0543667327665230E+02 7.9602450324780716E-01
2.5000000000000000E-01 1.0000000000000000E+00 4.0826988057657281E-19 8.8080161983065000E+02 8.1220496797125052E-01
3.0000000000000004E-01 0.0000000000000000E+00 1.3552527156068811E-20 1.3937600370172231E+03 -1.3165951269805580E+01
3.0000000000000004E-01 5.0000000000000003E-02 1.4309505290229021E+00 6.4676109327096401E+02 -1.2033227209447830E+01
3.0000000000000004E-01 1.0000000000000001E-01 4.2956339349172170E+00 -4.5564256863604470E+02 -8.6350550283745786E+00
3.0000000000000004E-01 1.5000000000000002E-01 6.1272940313046727E+00 -6.6748143175303903E+02 -4.5318027297583203E+00
3.0000000000000004E-01 2.0000000000000001E-01 6.3201524848559938E+00 -3.4152963103768752E+02 -2.2603993884597031E+00
3.0000000000000004E-01 2.5000000000000000E-01 5.6338735950483194E+00 5.0199624080489833E+01 -1.2632927362133910E+00
3.0000000000000004E-01 3.0000000000000004E-01 4.9229139235428807E+00 2.0314188756284139E+02 -7.6269756074642481E-01
3.0000000000000004E-01 3.5000000000000003E-01 4.5245064962302166E+00 2.0608032732774879E+02 -4.5262288340161327E-01
3.0000000000000004E-01 4.0000000000000002E-01 4.4633017636893149E+00 1.5890718940194139E+02 -2.3447456996016289E-01
3.0000000000000004E-01 4.5000000000000001E-01 4.6600400603827037E+00 1.0481202494738990E+02 -7.0046548022297928E-02
3.0000000000000004E-01 5.0000000000000000E-01 5.0166728124575464E+00 5.4733883885295967E+01 6.0710905399305300E-02
3.0000000000000004E-01 5.5000000000000004E-01 5.4369157743706671E+00 9.1378865583116244E+00 1.7043931228478751E-01
3.0000000000000004E-01 6.0000000000000009E-01 5.8281641118059806E+00 -3.4286075815754188E+01 2.6745980410233811E-01
3.0000000000000004E-01 6.5000000000000002E-01 6.0995329133205090E+00 -8.0403190831722952E+01 3.5685796857395669E-01
3.0000000000000004E-01 7.0000000000000007E-01 6.1552856433820642E+00 -1.3520091819873369E+02 4.4125840293277607E-01
3.0000000000000004E-01 7.5000000000000000E-01 5.8856818609755903E+00 -1.9586355661614189E+02 5.2205868095411623E-01
3.0000000000000004E-01 8.0000000000000004E-01 5.1750291672520783E+00 -2.3472820571981350E+02 6.0041542904139433E-01
3.0000000000000004E-01 8.5000000000000009E-01 3.9599019205493420E+00 -1.9509022986933849E+02 6.7527138767077821E-01
3.0000000000000004E-01 9.0000000000000002E-01 2.3488520420657268E+00 -1.3593082311269971E+01 7.3848008049973868E-01
3.0000000000000004E-01 9.5000000000000007E-01 7.6495915140543636E-01 3.2873812692620533E+02 7.7692948185819588E-01
3.0000000000000004E-01 1.0000000000000000E+00 -4.9297317530200280E-19 7.5358243800799232E+02 7.8974594897768147E-01
3.5000000000000003E-01 0.0000000000000000E+00 6.6068569885835426E-20 2.5922905542954441E+03 -1.3732766045762711E+01
3.5000000000000003E-01 5.0000000000000003E-02 2.1344659603081690E+00 -6.1862956520181342E+01 -1.2488340892165001E+01
3.5000000000000003E-01 1.0000000000000001E-01 4.4121372055196018E+00 -5.7479848848912172E+02 -8.7550654313718770E+00
3.5000000000000003E-01 1.5000000000000002E-01 5.5210827033762193E+00 -4.3959840440514091E+02 -4.6466097831789028E+00
3.5000000000000003E-01 2.0000000000000001E-01 5.5622227166604592E+00 -2.4606493409982139E+02 -2.3476311810785520E+00
3.5000000000000003E-01 2.5000000000000000E-01 5.0164805199274838E+00 -1.3062155748122221E+01 -1.3028578541619440E+00
3.5000000000000003E-01 3.0000000000000004E-01 4.4528909728525861E+00 1.0833685305398660E+02 -7.7413103266651073E-01
3.5000000000000003E-01 3.5000000000000003E-01 4.1532669993181663E+00 1.3105914616848969E+02 -4.5397386391808359E-01
3.5000000000000003E-01 4.0000000000000002E-01 4.1605456582125440E+00 1.0935878744322160E+02 -2.3269058593098851E-01
3.5000000000000003E-01 4.5000000000000001E-01 4.4158426642639652E+00 7.2705763125975565E+01 -6.7127594217764139E-02
3.5000000000000003E-01 5.0000000000000000E-01 4.8283340969493889E+00 3.1138761908207410E+01 6.4167454044729122E-02
3.5000000000000003E-01 5.5000000000000004E-01 5.2964309968386649E+00 -1.1180260983781430E+01 1.7440166129845791E-01
3.5000000000000003E-01 6.0000000000000009E-01 5.7151821255636994E+00 -5.1244463154854600E+01 2.7237470236065248E-01
3.5000000000000003E-01 6.5000000000000002E-01 5.9819965518838378E+00 -8.8478208842340891E+01 3.6346299789445191E-01
3.5000000000000003E-01 7.0000000000000007E-01 5.9985604549342986E+00 -1.2550238301324360E+02 4.4996391383245332E-01
3.5000000000000003E-01 7.5000000000000000E-01 5.6680478581203673E+00 -1.6114779139142459E+02 5.3187030099450339E-01
3.5000000000000003E-01 8.0000000000000004E-01 4.9029990907503196E+00 -1.7508789633105479E+02 6.0804872213827066E-01
3.5000000000000003E-01 8.5000000000000009E-01 3.6759857093354080E+00 -1.2141796095075300E+02 6.7590164844552236E-01
3.5000000000000003E-01 9.0000000000000002E-01 2.1264740891122269E+00 4.6299972841802408E+01 7.2907121699542565E-01
3.5000000000000003E-01 9.5000000000000007E-01 6.7156376266071782E-01 3.2336558827431583E+02 7.5971419493282810E-01
3.5000000000000003E-01 1.0000000000000000E+00 -1.6601845766184289E-19 6.4419417737873994E+02 7.6992852091196218E-01
4.0000000000000002E-01 0.0000000000000000E+00 1.6940658945086011E-21 3.1932021712580372E+03 -1.4381249504261371E+01
4.0000000000000002E-01 5.0000000000000003E-02 2.5401187107805678E+00 -2.9011961832615327E+02 -1.2993173933262870E+01
4.0000000000000002E-01 1.0000000000000001E-01 4.3977264339549196E+00 -6.0761172356940017E+02 -8.8289472202673736E+00
4.0000000000000002E-01 1.5000000000000002E-01 4.9203863854660792E+00 -2.6113453513699989E+02 -4.6701448086811563E+00
4.0000000000000002E-01 2.0000000000000001E-01 4.7894337133910154E+00 -1.1504210437984990E+02 -2.3743249091628922E+00
4.0000000000000002E-01 2.5000000000000000E-01 4.3728594123916738E+00 5.0163487573318042E+00 -1.3173373223600979E+00
4.0000000000000002E-01 3.0000000000000004E-01 3.9822611238344310E+00 7.7171477726868332E+01 -7.7844678025424530E-01
4.0000000000000002E-01 3.5000000000000003E-01 3.8032730003054489E+00 9.8112828916400460E+01 -4.5340831894754913E-01
4.0000000000000002E-01 4.0000000000000002E-01 3.8861565806900260E+00 8.7273578933118202E+01 -2.3028102722749330E-01
4.0000000000000002E-01 4.5000000000000001E-01 4.1986075300444794E+00 5.8373228126493053E+01 -6.4337992492786072E-02
4.0000000000000002E-01 5.0000000000000000E-01 4.6636453274645824E+00 1.8458118467309141E+01 6.6552769041898510E-02
4.0000000000000002E-01 5.5000000000000004E-01 5.1779675186857324E+00 -2.6413559313994671E+01 1.7607200725034100E-01
4.0000000000000002E-01 6.0000000000000009E-01 5.6255616856860708E+00 -6.9608571913317832E+01 2.7349005699455281E-01
4.0000000000000002E-01 6.5000000000000002E-01 5.8914331987322752E+00 -1.0590499827588459E+02 3.6456675268088568E-01
4.0000000000000002E-01 7.0000000000000007E-01 5.8722820006855896E+00 -1.3341974737913421E+02 4.5162053033031319E-01
4.0000000000000002E-01 7.5000000000000000E-01 5.4821558365009837E+00 -1.4999354667947671E+02 5.3386602352775425E-01
4.0000000000000002E-01 8.0000000000000004E-01 4.6633889883974762E+00 -1.4150415556817310E+02 6.0850971487375283E-01
4.0000000000000002E-01 8.5000000000000009E-01 3.4284470319424911E+00 -7.5584641012125473E+01 6.7163342434702267E-01
4.0000000000000002E-01 9.0000000000000002E-01 1.9435549319519929E+00 7.7249971978369004E+01 7.1804995194185040E-01
4.0000000000000002E-01 9.5000000000000007E-01 6.0323580490361162E-01 3.0592029219298092E+02 7.4350839751427933E-01
4.0000000000000002E-01 1.0000000000000000E+00 1.9312351197398050E-19 5.7092322968249437E+02 7.5199454603842231E-01
4.5000000000000001E-01 0.0000000000000000E+00 -1.1858461261560200E-20 3.7922084927000210E+03 -1.5395673932222200E+01
4.5000000000000001E-01 5.0000000000000003E-02 2.9029833814282049E+00 -6.1725707760989746E+02 -1.3783480469494011E+01
4.5000000000000001E-01 1.0000000000000001E-01 4.3028312481382924E+00 -6.4650362057595987E+02 -8.9469000813094173E+00
4.5000000000000001E-01 1.5000000000000002E-01 4.2940118767821254E+00 -1.0543612006648780E+02 -4.6450838708301294E+00
4.5000000000000001E-01 2.0000000000000001E-01 4.0097127385515741E+00 -2.4440704907454061E+00 -2.3712043110493721E+00
4.5000000000000001E-01 2.5000000000000000E-01 3.7074243189608129E+00 3.6165262382185958E+01 -1.3194922293092679E+00
4.5000000000000001E-01 3.0000000000000004E-01 3.4856375227698839E+00 6.8017259418963420E+01 -7.7770095941751016E-01
4.5000000000000001E-01 3.5000000000000003E-01 3.4336729482250532E+00 8.3335216521763456E+01 -4.4998546689176810E-01
4.5000000000000001E-01 4.0000000000000002E-01 3.5996598143771039E+00 7.8450360893144151E+01 -2.2587359010076369E-01
4.5000000000000001E-01 4.5000000000000001E-01 3.9747803844823548E+00 5.4257282234551568E+01 -6.0351107688188833E-02
4.5000000000000001E-01 5.0000000000000000E-01 4.4965176524565296E+00 1.4494693466195780E+01 6.9235630001433512E-02
4.5000000000000001E-01 5.5000000000000004E-01 5.0616016923469376E+00 -3.3893633235038273E+01 1.7705704245614701E-01
4.5000000000000001E-01 6.0000000000000009E-01 5.5453425092444517E+00 -8.2026992689588397E+01 2.7278427825883578E-01
4.5000000000000001E-01 6.5000000000000002E-01 5.8224370486549484E+00 -1.2146055130998801E+02 3.6247817612890332E-01
4.5000000000000001E-01 7.0000000000000007E-01 5.7845224844879164E+00 -1.4622745932773910E+02 4.4859206038900362E-01
4.5000000000000001E-01 7.5000000000000000E-01 5.3532938353428587E+00 -1.5179817593824859E+02 5.3006419844767061E-01
4.5000000000000001E-01 8.0000000000000004E-01 4.4956145068843876E+00 -1.2802575447219539E+02 6.0321030211766580E-01
4.5000000000000001E-01 8.5000000000000009E-01 3.2574072203961189E+00 -5.4164335312449360E+01 6.6323544300812198E-01
4.5000000000000001E-01 9.0000000000000002E-01 1.8232358438141449E+00 8.7157949353401605E+01 7.0552932544158564E-01
4.5000000000000001E-01 9.5000000000000007E-01 5.6262527827702524E-01 2.8786957072431068E+02 7.2788496457498697E-01
4.5000000000000001E-01 1.0000000000000000E+00 -5.9800526076153604E-19 5.3121593087034762E+02 7.3533684428612078E-01
5.0000000000000000E-01 0.0000000000000000E+00 -1.8634724839594610E-20 4.3444150105318631E+03 -1.6688873195911189E+01
5.0000000000000000E-01 5.0000000000000003E-02 3.2258408267799790E+00 -9.4681226752188797E+02 -1.4775449484671091E+01
5.0000000000000000E-01 1.0000000000000001E-01 4.0872753631984109E+00 -6.1748484245493523E+02 -9.0351783509507833E+00
5.0000000000000000E-01 1.5000000000000002E-01 3.6066566452092990E+00 4.5342185792392740E+01 -4.5671554744233420E+00
5.0000000000000000E-01 2.0000000000000001E-01 3.2280004372614992E+00 8.3997349170049176E+01 -2.3487054330965842E+00
5.0000000000000000E-01 2.5000000000000000E-01 3.0500066262946932E+00 5.1638591418291057E+01 -1.3201315441695309E+00
5.0000000000000000E-01 3.0000000000000004E-01 2.9852584846210029E+00 5.5578551316197498E+01 -7.7902115532588578E-01
5.0000000000000000E-01 3.5000000000000003E-01 3.0499840208777709E+00 7.1931430859697215E+01 -4.4775820395076210E-01
5.0000000000000000E-01 4.0000000000000002E-01 3.2965655446211160E+00 7.5594778083571669E+01 -2.2168098072541739E-01
5.0000000000000000E-01 4.5000000000000001E-01 3.7378700323876650E+00 5.6800672413178503E+01 -5.6275427509198533E-02
5.0000000000000000E-01 5.0000000000000000E-01 4.3219744729474376E+00 1.7376352342964989E+01 7.1868579152380943E-02
5.0000000000000000E-01 5.5000000000000004E-01 4.9432344161241666E+00 -3.4124293293287970E+01 1.7762975153563501E-01
5.0000000000000000E-01 6.0000000000000009E-01 5.4692702741325299E+00 -8.6969251046919041E+01 2.7113537437532492E-01
5.0000000000000000E-01 6.5000000000000002E-01 5.7679384410864394E+00 -1.3093276595411149E+02 3.5870874974433198E-01
5.0000000000000000E-01 7.0000000000000007E-01 5.7281877765471219E+00 -1.5726481863795831E+02 4.4294500780658191E-01
5.0000000000000000E-01 7.5000000000000000E-01 5.2770971735202403E+00 -1.5879407087461669E+02 5.2278461058927628E-01
5.0000000000000000E-01 8.0000000000000004E-01 4.3983828470725257E+00 -1.2703360825326600E+02 5.9425563568371242E-01
5.0000000000000000E-01 8.5000000000000009E-01 3.1608134207342320E+00 -4.9029258426612593E+01 6.5214506806907424E-01
5.0000000000000000E-01 9.0000000000000002E-01 1.7592481403588629E+00 8.5528640845604528E+01 6.9203589490432060E-01
5.0000000000000000E-01 9.5000000000000007E-01 5.4370341264907518E-01 2.7421643335292418E+02 7.1266126208234015E-01
5.0000000000000000E-01 1.0000000000000000E+00 -1.8634724839594610E-20 5.1533624794522098E+02 7.1953638447501334E-01
5.5000000000000004E-01 0.0000000000000000E+00 -1.3552527156068811E-20 4.9208092514264281E+03 -1.8349554633783981E+01
5.5000000000000004E-01 5.0000000000000003E-02 3.5460738231455680E+00 -1.3310415809384540E+03 -1.6048906461552260E+01
5.5000000000000004E-01 1.0000000000000001E-01 3.7153372487479519E+00 -4.0869122431651402E+02 -9.1469619448570789E+00
5.5000000000000004E-01 1.5000000000000002E-01 2.8242729634129828E+00 2.4252666390573080E+02 -4.4647637787073764E+00
5.5000000000000004E-01 2.0000000000000001E-01 2.4417918585716718E+00 1.5247085993598421E+02 -2.3167663445217670E+00
5.5000000000000004E-01 2.5000000000000000E-01 2.4168784137418751E+00 4.9290047909198513E+01 -1.3242716668785171E+00
5.5000000000000004E-01 3.0000000000000004E-01 2.4968372749054359E+00 3.8857594123088809E+01 -7.8550222191201735E-01
5.5000000000000004E-01 3.5000000000000003E-01 2.6609645668584370E+00 6.5605083406587127E+01 -4.4852849192279498E-01
5.5000000000000004E-01 4.0000000000000002E-01 2.9830067352971561E+00 8.0739499901275906E+01 -2.1855409150072441E-01
5.5000000000000004E-01 4.5000000000000001E-01 3.4968215789288770E+00 6.6253237764898486E+01 -5.2206632299634542E-02
5.5000000000000004E-01 5.0000000000000000E-01 4.1527936509530790E+00 2.5262465696119641E+01 7.4890796865924744E-02
5.5000000000000004E-01 5.5000000000000004E-01 4.8360526007362692E+00 -2.9741725541548799E+01 1.7853948650859530E-01
5.5000000000000004E-01 6.0000000000000009E-01 5.4059682499780308E+00 -8.6087199368246502E+01 2.6950840043297819E-01
5.5000000000000004E-01 6.5000000000000002E-01 5.7284877858405814E+00 -1.3373087979838809E+02 3.5450728720826802E-01
5.5000000000000004E-01 7.0000000000000007E-01 5.6951679499199441E+00 -1.6330883314550550E+02 4.3631082315170511E-01
5.5000000000000004E-01 7.5000000000000000E-01 5.2386631884191148E+00 -1.6548440739096750E+02 5.1396129188818107E-01
5.5000000000000004E-01 8.0000000000000004E-01 4.3527111758577961E+00 -1.3143943715089890E+02 5.8352535974930997E-01
5.5000000000000004E-01 8.5000000000000009E-01 3.1183649150818380E+00 -5.2112300691364702E+01 6.3970885114716536E-01
5.5000000000000004E-01 9.0000000000000002E-01 1.7343913523713439E+00 7.9489947401913184E+01 6.7811991858385878E-01
5.5000000000000004E-01 9.5000000000000007E-01 5.3848133577343971E-01 2.6584145967444613E+02 6.9778229579951312E-01
5.5000000000000004E-01 1.0000000000000000E+00 9.5206503271383358E-19 5.1325723898533158E+02 7.0433642153806442E-01
6.0000000000000009E-01 0.0000000000000000E+00 -3.5575383784680608E-20 5.6118732338845030E+03 -2.0570108080494240E+01
6.0000000000000009E-01 5.0000000000000003E-02 3.9155131655378779E+00 -1.8265151505374181E+03 -1.7658805954163679E+01
6.0000000000000009E-01 1.0000000000000001E-01 3.2729526646098250E+00 -4.4717533371852130E+02 -8.9248995751720059E+00
6.0000000000000009E-01 1.5000000000000002E-01 1.9810720850707679E+00 3.6475198913761710E+02 -4.2573269747552143E+00
6.0000000000000009E-01 2.0000000000000001E-01 1.6687715509345000E+00 1.8094411752208879E+02 -2.2721339839170289E+00
6.0000000000000009E-01 2.5000000000000000E-01 1.8219310284855030E+00 3.0341096041168871E+01 -1.3352897106347159E+00
6.0000000000000009E-01 3.0000000000000004E-01 2.0297543454102800E+00 2.4857961728825771E+01 -7.9818299138744975E-01
6.0000000000000009E-01 3.5000000000000003E-01 2.2752508074530629E+00 7.0375804200882371E+01 -4.5167828226796830E-01
6.0000000000000009E-01 4.0000000000000002E-01 2.6731640214155519E+00 9.5312477591188170E+01 -2.1493914431782910E-01
6.0000000000000009E-01 4.5000000000000001E-01 3.2742235621911382E+00 7.8479536625109702E+01 -4.6013399942530779E-02
6.0000000000000009E-01 5.0000000000000000E-01 4.0174119218539488E+00 3.0036390025711061E+01 8.0613645569285824E-02
6.0000000000000009E-01 5.5000000000000004E-01 4.7682725123090313E+00 -2.9881819019804070E+01 1.8193556695083640E-01
6.0000000000000009E-01 6.0000000000000009E-01 5.3768750889611194E+00 -8.6746871796596849E+01 2.6974606102620008E-01
6.0000000000000009E-01 6.5000000000000002E-01 5.7140380049261950E+00 -1.3379791562711159E+02 3.5146463065740557E-01
6.0000000000000009E-01 7.0000000000000007E-01 5.6823597692591079E+00 -1.6457054340548149E+02 4.3019373754893458E-01
6.0000000000000009E-01 7.5000000000000000E-01 5.2235265167812761E+00 -1.6893239394902841E+02 5.0511271127635182E-01
6.0000000000000009E-01 8.0000000000000004E-01 4.3369930634663323E+00 -1.3612886050250549E+02 5.7242668677194808E-01
6.0000000000000009E-01 8.5000000000000009E-01 3.1072749010178020E+00 -5.7516336585531562E+01 6.2692669260446054E-01
6.0000000000000009E-01 9.0000000000000002E-01 1.7316189707077401E+00 7.3204925403567543E+01 6.6419799336352370E-01
6.0000000000000009E-01 9.5000000000000007E-01 5.4043424706618759E-01 2.6176864376932667E+02 6.8322792172447944E-01
6.0000000000000009E-01 1.0000000000000000E+00 -5.9292306307801024E-20 5.1763714181617877E+02 6.8957123117813146E-01
6.5000000000000002E-01 0.0000000000000000E+00 0.0000000000000000E+00 6.2313867589369374E+03 -2.3395995857632080E+01
6.5000000000000002E-01 5.0000000000000003E-02 4.2767381619665912E+00 -2.1986022350501971E+03 -1.9852158820550741E+01
6.5000000000000002E-01 1.0000000000000001E-01 2.2850760931753671E+00 6.9704370553318074E+02 -9.2206477093067054E+00
6.5000000000000002E-01 1.5000000000000002E-01 9.2858334913883411E-01 6.4343104908774160E+02 -4.1117353767781104E+00
6.5000000000000002E-01 2.0000000000000001E-01 9.0324913470932577E-01 2.1053734308324681E+02 -2.2462459348024120E+00
6.5000000000000002E-01 2.5000000000000000E-01 1.2850004570274360E+00 7.2925777209314342E+00 -1.3590106226741949E+00
6.5000000000000002E-01 3.0000000000000004E-01 1.5992925007066039E+00 2.1360458622220470E+01 -8.1570822364339457E-01
6.5000000000000002E-01 3.5000000000000003E-01 1.9078619032796871E+00 8.7802135835832914E+01 -4.5359625248397389E-01
6.5000000000000002E-01 4.0000000000000002E-01 2.3883714618937169E+00 1.1267739507844320E+02 -2.0652921896237181E-01
6.5000000000000002E-01 4.5000000000000001E-01 3.0976142132729692E+00 7.9940734487162075E+01 -3.3430837225474762E-02
6.5000000000000002E-01 5.0000000000000000E-01 3.9451835030780842E+00 1.4740017042960970E+01 9.2789497654915440E-02
6.5000000000000002E-01 5.5000000000000004E-01 4.7664859613740580E+00 -5.1555673358621313E+01 1.9093840006472440E-01
6.5000000000000002E-01 6.0000000000000009E-01 5.4021889439440374E+00 -1.0349474648448169E+02 2.7439437560652141E-01
6.5000000000000002E-01 6.5000000000000002E-01 5.7353088598408721E+00 -1.4135206841836001E+02 3.5161127351951532E-01
6.5000000000000002E-01 7.0000000000000007E-01 5.6891625559090651E+00 -1.6615579386919279E+02 4.2618777885258130E-01
6.5000000000000002E-01 7.5000000000000000E-01 5.2206395855395424E+00 -1.6978468976757151E+02 4.9750672896432468E-01
6.5000000000000002E-01 8.0000000000000004E-01 4.3338030960365188E+00 -1.3887562194728449E+02 5.6193987980952353E-01
6.5000000000000002E-01 8.5000000000000009E-01 3.1099760175327482E+00 -6.2163510432838827E+01 6.1441566354933974E-01
6.5000000000000002E-01 9.0000000000000002E-01 1.7392871356705799E+00 6.8245843738396246E+01 6.5047773434051781E-01
6.5000000000000002E-01 9.5000000000000007E-01 5.4605831071017141E-01 2.6043263232694233E+02 6.6890872308915428E-01
6.5000000000000002E-01 1.0000000000000000E+00 -2.6258021364883311E-19 5.2505402773166486E+02 6.7505238600536643E-01
7.0000000000000007E-01 0.0000000000000000E+00 -1.0164395367051600E-20 8.8347342261155318E+03 -2.6311637406171620E+01
7.0000000000000007E-01 5.0000000000000003E-02 5.4098576377189964E+00 -4.6858105086486357E+03 -2.1591083895538279E+01
7.0000000000000007E-01 1.0000000000000001E-01 1.6340311011505400E+00 3.0643376864205868E+02 -7.4294233636382732E+00
7.0000000000000007E-01 1.5000000000000002E-01 -3.7697494182698271E-02 7.1934038150285755E+02 -3.7092537275204651E+00
7.0000000000000007E-01 2.0000000000000001E-01 2.8338151860536692E-01 1.3794914009800030E+02 -2.1918476800660209E+00
7.0000000000000007E-01 2.5000000000000000E-01 8.7405213751467903E-01 -5.1797464173687473E+01 -1.3801640862155500E+00
7.0000000000000007E-01 3.0000000000000004E-01 1.2347921291322690E+00 1.8970892648276120E+01 -8.2811045465778976E-01
7.0000000000000007E-01 3.5000000000000003E-01 1.5754561437377730E+00 1.0733074853524360E+02 -4.4662066054729799E-01
7.0000000000000007E-01 4.0000000000000002E-01 2.1406935595910470E+00 1.1645432430459731E+02 -1.8755011568718291E-01
7.0000000000000007E-01 4.5000000000000001E-01 2.9709945150040582E+00 5.1888762315917823E+01 -1.0600046665475560E-02
7.0000000000000007E-01 5.0000000000000000E-01 3.9297510343143278E+00 -3.8571684976749573E+01 1.1376520255227360E-01
7.0000000000000007E-01 5.5000000000000004E-01 4.8178170423334663E+00 -1.1189852741125100E+02 2.0720480618571110E-01
7.0000000000000007E-01 6.0000000000000009E-01 5.4683423070596318E+00 -1.5325476615451160E+02 2.8500233244740852E-01
7.0000000000000007E-01 6.5000000000000002E-01 5.7804238851164884E+00 -1.7174725453827759E+02 3.5646350378410158E-01
7.0000000000000007E-01 7.0000000000000007E-01 5.7037948053646117E+00 -1.7931040128896331E+02 4.2559323738682808E-01
7.0000000000000007E-01 7.5000000000000000E-01 5.2164605901129786E+00 -1.7403033509965260E+02 4.9208818413222583E-01
7.0000000000000007E-01 8.0000000000000004E-01 4.3289715768588408E+00 -1.4161809252943300E+02 5.5262816342997689E-01
7.0000000000000007E-01 8.5000000000000009E-01 3.1154693719582740E+00 -6.6405213551085836E+01 6.0237359263193646E-01
7.0000000000000007E-01 9.0000000000000002E-01 1.7526749041677070E+00 6.3572729346238837E+01 6.3683328184678178E-01
7.0000000000000007E-01 9.5000000000000007E-01 5.5559346032501744E-01 2.5987233633606508E+02 6.5446188319138843E-01
7.0000000000000007E-01 1.0000000000000000E+00 3.0493186101154812E-19 5.3677636174398833E+02 6.6033808363959068E-01
7.5000000000000000E-01 0.0000000000000000E+00 8.4703294725430034E-21 5.1448727298421982E+03 -3.7026529705358037E+01
7.5000000000000000E-01 5.0000000000000003E-02 4.0141346670171716E+00 -6.5582254595646248E+02 -2.9904351126225770E+01
7.5000000000000000E-01 1.0000000000000001E-01 -8.3757933332768786E-01 3.2414058690328220E+03 -8.5378153888289905E+00
7.5000000000000000E-01 1.5000000000000002E-01 -1.2967474782772950E+00 5.4099775567770757E+02 -3.3802123647325888E+00
7.5000000000000000E-01 2.0000000000000001E-01 -1.8543900444743899E-01 -2.5161594085950929E+02 -2.1054959509334750E+00
7.5000000000000000E-01 2.5000000000000000E-01 6.0426839670317767E-01 -2.3077375203081391E+02 -1.3801033326481471E+00
7.5000000000000000E-01 3.0000000000000004E-01 9.3171966592568423E-01 -1.1766612928905580E+01 -8.2176238584889960E-01
7.5000000000000000E-01 3.5000000000000003E-01 1.2645770331422450E+00 1.0908660727211129E+02 -4.2365941878578528E-01
7.5000000000000000E-01 4.0000000000000002E-01 1.8992467551484760E+00 9.1928241809964533E+01 -1.5617679536846860E-01
7.5000000000000000E-01 4.5000000000000001E-01 2.8341243286237061E+00 -1.1282968853093481E+01 2.0554362319253151E-02
7.5000000000000000E-01 5.0000000000000000E-01 3.8836453271015619E+00 -1.2885111984691150E+02 1.3986673499364749E-01
7.5000000000000000E-01 5.5000000000000004E-01 4.8239289171933510E+00 -2.1105531802516930E+02 2.2718342506205150E-01
7.5000000000000000E-01 6.0000000000000009E-01 5.4853870172294430E+00 -2.4344364067789670E+02 2.9913413550285611E-01
7.5000000000000000E-01 6.5000000000000002E-01 5.7794314940554257E+00 -2.3974404523815909E+02 3.6477535985510767E-01
7.5000000000000000E-01 7.0000000000000007E-01 5.6774089402524037E+00 -2.2116350640686369E+02 4.2791402404421758E-01
7.5000000000000000E-01 7.5000000000000000E-01 5.1784617880985939E+00 -1.9572017495076730E+02 4.8859568625996702E-01
7.5000000000000000E-01 8.0000000000000004E-01 4.3022060473138772E+00 -1.5352001285079311E+02 5.4412226475158842E-01
7.5000000000000000E-01 8.5000000000000009E-01 3.1146335801980709E+00 -7.6315457583531369E+01 5.9017485495582422E-01
7.5000000000000000E-01 9.0000000000000002E-01 1.7724532880827699E+00 5.3825205469677172E+01 6.2234786568151101E-01
7.5000000000000000E-01 9.5000000000000007E-01 5.7332148662435245E-01 2.5627210821089392E+02 6.3868421299207445E-01
7.5000000000000000E-01 1.0000000000000000E+00 -1.4568966692773971E-19 5.5985011941184985E+02 6.4412966209559575E-01
8.0000000000000004E-01 0.0000000000000000E+00 1.1858461261560200E-20 1.9088553072476851E+04 -2.6898785215013909E+01
8.0000000000000004E-01 5.0000000000000003E-02 9.8447039499236375E+00 -1.4549817369285071E+04 -2.0686870494175299E+01
8.0000000000000004E-01 1.0000000000000001E-01 -1.6767031313388461E+00 3.4378133920336700E+03 -2.0511263316594701E+00
8.0000000000000004E-01 1.5000000000000002E-01 -2.7953684476895768E+00 3.6919592901523788E+02 -2.7565816651419661E+00
8.0000000000000004E-01 2.0000000000000001E-01 -8.1232384631359755E-01 -7.2229070175638708E+02 -2.1376519464701902E+00
8.0000000000000004E-01 2.5000000000000000E-01 2.7018606609185131E-01 -4.5603188202934149E+02 -1.4096911314147400E+00
8.0000000000000004E-01 3.0000000000000004E-01 5.7784319820345043E-01 -6.0052722154681227E+01 -8.0594330560356897E-01
8.0000000000000004E-01 3.5000000000000003E-01 8.9920536606726109E-01 9.3017440470564495E+01 -3.9064205018002113E-01
8.0000000000000004E-01 4.0000000000000002E-01 1.5721514189632571E+00 5.2118480564828872E+01 -1.2150284285392279E-01
8.0000000000000004E-01 4.5000000000000001E-01 2.5510996084572430E+00 -7.9028892814717878E+01 4.8654442133863232E-02
8.0000000000000004E-01 5.0000000000000000E-01 3.6278869366986859E+00 -2.1684855603585819E+02 1.5928702344463980E-01
8.0000000000000004E-01 5.5000000000000004E-01 4.5843739890069841E+00 -3.1505178057369830E+02 2.3996700789502540E-01
8.0000000000000004E-01 6.0000000000000009E-01 5.2597539874127568E+00 -3.5656922436898122E+02 3.0747675999047258E-01
8.0000000000000004E-01 6.5000000000000002E-01 5.5687085064691058E+00 -3.4828476837497641E+02 3.6911961598139409E-01
8.0000000000000004E-01 7.0000000000000007E-01 5.4872457661855938E+00 -3.1069581635523969E+02 4.2751952220851441E-01
8.0000000000000004E-01 7.5000000000000000E-01 5.0237391217354741E+00 -2.6009835416870408E+02 4.8276100461336330E-01
8.0000000000000004E-01 8.0000000000000004E-01 4.2038112047167377E+00 -1.9760424188389601E+02 5.3294170560733811E-01
8.0000000000000004E-01 8.5000000000000009E-01 3.0847624570690519E+00 -1.1029432443734341E+02 5.7461119188092624E-01
8.0000000000000004E-01 9.0000000000000002E-01 1.7965853617316769E+00 2.3643052099923370E+01 6.0369429676127595E-01
8.0000000000000004E-01 9.5000000000000007E-01 6.0591948771061732E-01 2.3889295289187891E+02 6.1784690356059080E-01
8.0000000000000004E-01 1.0000000000000000E+00 1.3552527156068811E-20 6.0765732052499652E+02 6.2256443916036242E-01
8.5000000000000009E-01 0.0000000000000000E+00 1.6940658945086011E-21 -2.5122808097508928E+03 -7.0931167469392463E+01
8.5000000000000009E-01 5.0000000000000003E-02 6.6683975675768259E-01 6.6249769880241283E+03 -5.5354355221696800E+01
8.5000000000000009E-01 1.0000000000000001E-01 -6.2916135212689026E+00 6.8390153969471767E+03 -8.6239184786098022E+00
8.5000000000000009E-01 1.5000000000000002E-01 -5.6694193446007910E+00 3.0642507871655089E+03 -2.0133712947772788E+00
8.5000000000000009E-01 2.0000000000000001E-01 -1.8653132982310929E+00 -7.0609995681377029E+02 -2.5430865271174770E+00
8.5000000000000009E-01 2.5000000000000000E-01 -3.3741920547440729E-01 -4.8402426485409461E+02 -1.5652558494834350E+00
8.5000000000000009E-01 3.0000000000000004E-01 4.0410306336915190E-02 -3.7083740539756960E+01 -8.1756387724694790E-01
8.5000000000000009E-01 3.5000000000000003E-01 3.9657196123147609E-01 1.0776002668814080E+02 -3.6888738977645241E-01
8.5000000000000009E-01 4.0000000000000002E-01 1.0683523448053820E+00 4.6758200544701353E+01 -1.0028962433520509E-01
8.5000000000000009E-01 4.5000000000000001E-01 1.9846884860310490E+00 -8.9139250751033870E+01 5.8356691199369190E-02
8.5000000000000009E-01 5.0000000000000000E-01 2.9680562783406379E+00 -2.2852358547642771E+02 1.5683494633395129E-01
8.5000000000000009E-01 5.5000000000000004E-01 3.8554569245422279E+00 -3.4600719677593332E+02 2.2947011242021140E-01
8.5000000000000009E-01 6.0000000000000009E-01 4.5201524844665428E+00 -4.2466464145194351E+02 2.9275980760507320E-01
8.5000000000000009E-01 6.5000000000000002E-01 4.8795859481133448E+00 -4.5463887316765317E+02 3.5182699944280232E-01
8.5000000000000009E-01 7.0000000000000007E-01 4.8965550136124403E+00 -4.3950308719111109E+02 4.0756587792362159E-01
8.5000000000000009E-01 7.5000000000000000E-01 4.5662286684375362E+00 -3.8986693989970860E+02 4.5944260910477602E-01
8.5000000000000009E-01 8.0000000000000004E-01 3.9036227575329780E+00 -3.1371275841468912E+02 5.0585050298148448E-01
8.5000000000000009E-01 8.5000000000000009E-01 2.9479483223808871E+00 -2.1037300322347050E+02 5.4396276891698914E-01
8.5000000000000009E-01 9.0000000000000002E-01 1.7919986433844670E+00 -6.3931843898092922E+01 5.6990622299873361E-01
8.5000000000000009E-01 9.5000000000000007E-01 6.5100350251504902E-01 1.7976571627560190E+02 5.8082296539131073E-01
8.5000000000000009E-01 1.0000000000000000E+00 -4.7433845046240819E-20 6.9132178723273637E+02 5.8446187952216988E-01
9.0000000000000002E-01 0.0000000000000000E+00 -1.0164395367051600E-20 3.7580162008733430E+04 -7.5250095919856834E+00
9.0000000000000002E-01 5.0000000000000003E-02 1.5676711562035569E+01 -3.7536217389867263E+04 -3.8524326451709041E+00
9.0000000000000002E-01 1.0000000000000001E-01 -4.6316418469614664E+00 8.7058049795092102E+03 7.1652981952734338E+00
9.0000000000000002E-01 1.5000000000000002E-01 -4.7140646694906936E+00 1.6988602404347409E+03 -1.1032960456316270E+00
9.0000000000000002E-01 2.0000000000000001E-01 -1.9913240566044130E+00 -6.1533475427508961E+02 -3.3012579142840650E+00
9.0000000000000002E-01 2.5000000000000000E-01 -9.9019946290094285E-01 -1.1261984368918750E+02 -1.8345105190453219E+00
9.0000000000000002E-01 3.0000000000000004E-01 -5.9928740490980559E-01 1.8832063091928001E+02 -8.6647986378538522E-01
9.0000000000000002E-01 3.5000000000000003E-01 -1.6128929495668529E-01 2.0859047943024689E+02 -3.6290164613740811E-01
9.0000000000000002E-01 4.0000000000000002E-01 4.4740189582276579E-01 1.0947761345303950E+02 -9.6738675157057960E-02
9.0000000000000002E-01 4.5000000000000001E-01 1.1519352026531580E+00 4.4922874943624658E+00 4.3369689476602552E-02
9.0000000000000002E-01 5.0000000000000000E-01 1.8653874788447979E+00 -8.6797972958984843E+01 1.2333477015481210E-01
9.0000000000000002E-01 5.5000000000000004E-01 2.5239174547626968E+00 -1.8243232895333139E+02 1.8157485135700119E-01
9.0000000000000002E-01 6.0000000000000009E-01 3.0663147499110579E+00 -2.8342251421677878E+02 2.3427553620183611E-01
9.0000000000000002E-01 6.5000000000000002E-01 3.4337711109087921E+00 -3.7484208482013941E+02 2.8558236536352760E-01
9.0000000000000002E-01 7.0000000000000007E-01 3.5813541129219280E+00 -4.4118650078366608E+02 3.3560243384090460E-01
9.0000000000000002E-01 7.5000000000000000E-01 3.4806308388430098E+00 -4.7132436055530388E+02 3.8333074516370458E-01
9.0000000000000002E-01 8.0000000000000004E-01 3.1159385838305380E+00 -4.5691748620954291E+02 4.2702198536171521E-01
9.0000000000000002E-01 8.5000000000000009E-01 2.4856099306216302E+00 -3.8874045215174618E+02 4.6373685537170162E-01
9.0000000000000002E-01 9.0000000000000002E-01 1.6212426230291810E+00 -2.4700593715917950E+02 4.8876379109120982E-01
9.0000000000000002E-01 9.5000000000000007E-01 6.5551018304770647E-01 4.1244325169730217E+01 4.9721365920988891E-01
9.0000000000000002E-01 1.0000000000000000E+00 1.0164395367051600E-20 7.6599050248712012E+02 5.0003028191611520E-01
9.5000000000000007E-01 0.0000000000000000E+00 -8.4703294725430034E-21 -5.6284025066274233E+04 -1.2733720949367710E+01
9.5000000000000007E-01 5.0000000000000003E-02 -2.7168897932988230E+01 4.7362697036647667E+04 -1.3747249491587080E+01
9.5000000000000007E-01 1.0000000000000001E-01 -5.9455571735733876E+00 -3.7900434166950649E+03 -1.6787835118245191E+01
9.5000000000000007E-01 1.5000000000000002E-01 -1.4567977384617621E+00 -2.5047098006129140E+03 -8.9127160697121663E+00
9.5000000000000007E-01 2.0000000000000001E-01 -1.4293437989306770E+00 3.9402033822089908E+02 -4.3655536031755338E+00
9.5000000000000007E-01 2.5000000000000000E-01 -1.2842025257474809E+00 7.4949549070449109E+02 -1.8990803967180030E+00
9.5000000000000007E-01 3.0000000000000004E-01 -8.4352805855531010E-01 4.3940677691796918E+02 -7.7644552674188150E-01
9.5000000000000007E-01 3.5000000000000003E-01 -3.9210532853067459E-01 2.2600962010132761E+02 -2.9281412447430472E-01
9.5000000000000007E-01 4.0000000000000002E-01 1.4201064816449891E-03 1.5497052155577850E+02 -8.0505683347777246E-02
9.5000000000000007E-01 4.5000000000000001E-01 3.3781017407013858E-01 1.7480509179818969E+02 1.5403063058831910E-02
9.5000000000000007E-01 5.0000000000000000E-01 6.3489812966522041E-01 2.2888232447675341E+02 6.4001076478985078E-02
9.5000000000000007E-01 5.5000000000000004E-01 9.0860069399089050E-01 2.7319631753714782E+02 9.6872864990646151E-02
9.5000000000000007E-01 6.0000000000000009E-01 1.1585780057332260E+00 2.8419594991096449E+02 1.2634780619568550E-01
9.5000000000000007E-01 6.5000000000000002E-01 1.3698864749826170E+00 2.5361725521257600E+02 1.5596276161431830E-01
9.5000000000000007E-01 7.0000000000000007E-01 1.5212399402158490E+00 1.8213476070718431E+02 1.8632572604743761E-01
9.5000000000000007E-01 7.5000000000000000E-01 1.5890560882969089E+00 7.6693106656254841E+01 2.1725176582282910E-01
9.5000000000000007E-01 8.0000000000000004E-01 1.5460863464834940E+00 -4.8409960672520370E+01 2.4803494088573591E-01
9.5000000000000007E-01 8.5000000000000009E-01 1.3583258085184040E+00 -1.6446770591497011E+02 2.7682649078623611E-01
9.5000000000000007E-01 9.0000000000000002E-01 9.9043767992726972E-01 -2.1171073989758040E+02 2.9927486160896227E-01
9.5000000000000007E-01 9.5000000000000007E-01 4.5290542264386330E-01 -6.6269529065204949E+01 3.0817080494829119E-01
9.5000000000000007E-01 1.0000000000000000E+00 -1.5246593050577409E-20 5.7662157945141098E+02 3.1113611939473418E-01
1.0000000000000000E+00 0.0000000000000000E+00 -1.0164395367051600E-20 -5.6284034782633200E+04 -6.3668604746838549E+00
1.0000000000000000E+00 5.0000000000000003E-02 -3.3881317890172010E-21 -5.6284044498992167E+04 0.0000000000000000E+00
1.0000000000000000E+00 1.0000000000000001E-01 -6.7762635780344027E-21 -5.2396509399064344E+03 0.0000000000000000E+00
1.0000000000000000E+00 1.5000000000000002E-01 -1.3552527156068811E-20 -4.9580337573187143E+02 0.0000000000000000E+00
1.0000000000000000E+00 2.0000000000000001E-01 -1.5246593050577409E-20 -1.9122236990567101E+03 0.0000000000000000E+00
1.0000000000000000E+00 2.5000000000000000E-01 6.7762635780344027E-21 -1.9157916488561559E+03 0.0000000000000000E+00
1.0000000000000000E+00 3.0000000000000004E-01 -6.7762635780344027E-21 -1.2319376318969689E+03 0.0000000000000000E+00
1.0000000000000000E+00 3.5000000000000003E-01 0.0000000000000000E+00 -5.8353147072039314E+02 0.0000000000000000E+00
1.0000000000000000E+00 4.0000000000000002E-01 -1.6940658945086011E-21 -7.5781132034962496E+01 0.0000000000000000E+00
1.0000000000000000E+00 4.5000000000000001E-01 8.4703294725430034E-21 3.1796989252480091E+02 0.0000000000000000E+00
1.0000000000000000E+00 5.0000000000000000E-01 -1.6940658945086011E-21 6.4743702476887449E+02 0.0000000000000000E+00
1.0000000000000000E+00 5.5000000000000004E-01 1.6940658945086011E-21 9.5372329140852321E+02 0.0000000000000000E+00
1.0000000000000000E+00 6.0000000000000009E-01 0.0000000000000000E+00 1.2481964191703121E+03 0.0000000000000000E+00
1.0000000000000000E+00 6.5000000000000002E-01 -6.7762635780344027E-21 1.5170560732014501E+03 0.0000000000000000E+00
1.0000000000000000E+00 7.0000000000000007E-01 -1.6940658945086011E-21 1.7344215815776811E+03 0.0000000000000000E+00
1.0000000000000000E+00 7.5000000000000000E-01 5.0821976835258020E-21 1.8685218323810309E+03 0.0000000000000000E+00
1.0000000000000000E+00 8.0000000000000004E-01 6.7762635780344027E-21 1.8795096466716720E+03 0.0000000000000000E+00
1.0000000000000000E+00 8.5000000000000009E-01 1.8634724839594610E-20 1.7122257461527740E+03 0.0000000000000000E+00
1.0000000000000000E+00 9.0000000000000002E-01 1.3552527156068811E-20 1.2943812588572209E+03 0.0000000000000000E+00
1.0000000000000000E+00 9.5000000000000007E-01 -6.7762635780344027E-21 5.7662157945141098E+02 0.0000000000000000E+00
1.0000000000000000E+00 1.0000000000000000E+00 -3.3881317890172010E-21 5.7662157945141098E+02 1.5556805969736709E-01
