  0.1077991726916236E-14
  0.6319746700782225E-15
 -0.2657543849153739E-14
 -0.1373264024197296E-14
  0.1069318109536352E-14
  0.1422378382610889E-14
  0.1241767241333749E-15
 -0.2480126022087747E-14
 -0.6411632834900372E-15
 -0.3531788576871531E-16
 -0.1916107111301843E-15
 -0.8894743801094243E-15
 -0.1017266240861681E-14
 -0.6932405631531260E-15
  0.2359494977871579E-15
 -0.2186496968724361E-15
 -0.1133636709353160E-14
 -0.1258355534572778E-14
  0.2676149774873127E-15
  0.1043612353653078E-15
  0.6077224227324374E-15
  0.8284321037325959E-15
  0.1905510123355883E+02
  0.1210804962994592E+02
  0.7358861579525243E+01
  0.5037731758810535E+01
  0.3975462583372580E+01
  0.3367510380588581E+01
  0.2835083305116248E+01
  0.2291486614386355E+01
  0.1758663314921526E+01
  0.1259135688105313E+01
  0.7921102695275398E+00
  0.3385500483977986E+00
 -0.1310337814301976E+00
 -0.6406628025922666E+00
 -0.1143346613941986E+01
 -0.1356882850143310E+01
 -0.1404734696677749E+01
 -0.5852973914345465E+01
 -0.2733655143524303E+02
 -0.2238521732344720E-15
 -0.2433271547577429E-15
 -0.7973624502075327E+01
  0.8591574269487655E+01
  0.1136744760474770E+02
  0.1001321656676528E+02
  0.8271222299786032E+01
  0.6833306042452740E+01
  0.5645212557449887E+01
  0.4592759154266998E+01
  0.3615693576038035E+01
  0.2685642168969458E+01
  0.1793565919748213E+01
  0.9587542690526556E+00
  0.2369492260399061E+00
 -0.3163299191768005E+00
 -0.8033872538078365E+00
 -0.1824684664515140E+01
 -0.4505724514287870E+01
 -0.4501091221663206E+01
  0.1576759688833958E+02
  0.5731024921122596E-16
  0.4143871525216433E-15
  0.1016602053249138E+00
  0.5385491601292992E+01
  0.9279134311113637E+01
  0.9687437801067071E+01
  0.8660434323891602E+01
  0.7324533342016611E+01
  0.6095482116976232E+01
  0.5028785465627838E+01
  0.4060292684362235E+01
  0.3122979514617882E+01
  0.2201769617972346E+01
  0.1357566651415282E+01
  0.7071445277632256E+00
  0.3052269152128113E+00
 -0.1421911233926179E+00
 -0.1692347782285861E+01
 -0.5509768418173920E+01
 -0.6291464397631632E+01
  0.6427596821903047E+00
 -0.6633165831925261E-15
  0.3351150330540079E-15
 -0.1715867208223435E+01
  0.4546577502155384E+01
  0.7919419380736526E+01
  0.8186207565275360E+01
  0.7309928969237035E+01
  0.6184125865313550E+01
  0.5174827404749550E+01
  0.4334742334589567E+01
  0.3589660383247656E+01
  0.2863831635703332E+01
  0.2145619532861970E+01
  0.1504862983289555E+01
  0.1049821778669522E+01
  0.7982056216698691E+00
  0.4639149530078316E+00
 -0.6662645013562997E+00
 -0.2718132798633569E+01
 -0.1628385285239732E+01
  0.9940824298517326E+01
  0.1428107713466117E-14
 -0.7167423393076439E-16
  0.9757793194348802E+00
  0.4320239093051417E+01
  0.6879313955314644E+01
  0.7052267920420325E+01
  0.6117417220028872E+01
  0.5070496161330300E+01
  0.4223861503629929E+01
  0.3574918354748005E+01
  0.3030821996650913E+01
  0.2517886342738040E+01
  0.2025399914127066E+01
  0.1603980490388465E+01
  0.1314322043188123E+01
  0.1124526522026036E+01
  0.7974974962341674E+00
 -0.5424256555025758E-01
 -0.1259803054837673E+01
 -0.8539498740986999E+00
  0.4042928879434569E+01
  0.2146517013613958E-15
 -0.9545044876019260E-15
  0.1474039506861814E+01
  0.4366295478795827E+01
  0.6182251213170247E+01
  0.6279906569784030E+01
  0.5412964975539553E+01
  0.4444319530617584E+01
  0.3690668528243563E+01
  0.3147014690741524E+01
  0.2724074285534126E+01
  0.2355782918728746E+01
  0.2028340244092009E+01
  0.1766088542328854E+01
  0.1582405305991687E+01
  0.1407941763633111E+01
  0.1056368225183051E+01
  0.3994039398805758E+00
 -0.2812957680351250E-02
  0.1653639469915505E+01
  0.5491440295064156E+01
  0.6402383235116355E-15
  0.1027012201952789E-14
  0.2181910563172649E+01
  0.4477698997559743E+01
  0.5579308871269204E+01
  0.5564712278852523E+01
  0.4876235118704223E+01
  0.4073695030095969E+01
  0.3426523418646615E+01
  0.2959259322053245E+01
  0.2613396952519511E+01
  0.2340008999377281E+01
  0.2124738276369749E+01
  0.1972823490018221E+01
  0.1869170379082081E+01
  0.1734696888053956E+01
  0.1440625238573362E+01
  0.9996596996764925E+00
  0.9538055624130596E+00
  0.2287465518874072E+01
  0.4324226050527608E+01
  0.9270640082426757E-15
 -0.7006775124300188E-15
  0.2584066764356147E+01
  0.4451570990517724E+01
  0.4973571298092018E+01
  0.4818278652475404E+01
  0.4305882907028739E+01
  0.3715351374140234E+01
  0.3212483218265030E+01
  0.2835158799512574E+01
  0.2561588111290316E+01
  0.2366354864016565E+01
  0.2239737694333815E+01
  0.2177750490426805E+01
  0.2154665450809568E+01
  0.2100926369967990E+01
  0.1939042761566636E+01
  0.1750163066374814E+01
  0.2012491526265008E+01
  0.3297276761136204E+01
  0.3969608933636883E+01
  0.8420185122065549E-16
  0.5151654385200655E-16
  0.2948766397997325E+01
  0.4348757379126218E+01
  0.4340918558799328E+01
  0.4053361751466684E+01
  0.3693254683044218E+01
  0.3312189914779689E+01
  0.2967918401097830E+01
  0.2695177498472927E+01
  0.2501677237851780E+01
  0.2384288447377885E+01
  0.2340208148854045E+01
  0.2363574225570049E+01
  0.2430280997987375E+01
  0.2488150395249937E+01
  0.2490029688477594E+01
  0.2508947513638097E+01
  0.2858205720848453E+01
  0.3741949578702886E+01
  0.3595516111053765E+01
 -0.6692220969007831E-15
 -0.2818332725399234E-15
  0.3273203326884087E+01
  0.4124782281043318E+01
  0.3647306716770280E+01
  0.3283269317759869E+01
  0.3079650801849235E+01
  0.2894299678386834E+01
  0.2701503463209835E+01
  0.2535097161608856E+01
  0.2426343968139585E+01
  0.2389084383776121E+01
  0.2426345230586459E+01
  0.2535099511952776E+01
  0.2701506547428051E+01
  0.2894302960620180E+01
  0.3079653603488631E+01
  0.3283270978451800E+01
  0.3647306886978062E+01
  0.4124780991100002E+01
  0.3273201112125758E+01
  0.2659532682513892E-14
 -0.9032759349519859E-17
  0.3595518434784619E+01
  0.3741950440250074E+01
  0.2858205214430398E+01
  0.2508945847047573E+01
  0.2490027111747746E+01
  0.2488147320923138E+01
  0.2430277921637074E+01
  0.2363571639744455E+01
  0.2340206467169385E+01
  0.2384287950502917E+01
  0.2501678046575341E+01
  0.2695179555949387E+01
  0.2967921433503016E+01
  0.3312193363248955E+01
  0.3693257689330063E+01
  0.4053363395724170E+01
  0.4340918420725203E+01
  0.4348755793344416E+01
  0.2948764291650511E+01
  0.6605501735867936E-15
  0.2264017424057074E-15
  0.3969611442212102E+01
  0.3297277489522201E+01
  0.2012490829718360E+01
  0.1750161455073820E+01
  0.1939040423849057E+01
  0.2100923497725375E+01
  0.2154662370666575E+01
  0.2177747649769261E+01
  0.2239735556676319E+01
  0.2366353807847462E+01
  0.2561588375033283E+01
  0.2835160448329666E+01
  0.3212486076331962E+01
  0.3715354892588210E+01
  0.4305886070435844E+01
  0.4818280253007571E+01
  0.4973570823004503E+01
  0.4451569181616495E+01
  0.2584064856641627E+01
  0.6148781570708417E-15
  0.3396656328598369E-14
  0.4324228370222830E+01
  0.2287465258055214E+01
  0.9538045025583077E+00
  0.9996581534918839E+00
  0.1440623144217049E+01
  0.1734694192204784E+01
  0.1869167253860999E+01
  0.1972820354327116E+01
  0.2124735658384352E+01
  0.2340007386109301E+01
  0.2613396698958822E+01
  0.2959260600100369E+01
  0.3426526132704703E+01
  0.4073698642151522E+01
  0.4876238473775057E+01
  0.5564713839320810E+01
  0.5579307885001257E+01
  0.4477696585472839E+01
  0.2181908578621915E+01
  0.1838053025212359E-14
 -0.1442144743468016E-14
  0.5491444134208556E+01
  0.1653639276455803E+01
 -0.2814010332446408E-02
  0.3994026231104755E+00
  0.1056366428620780E+01
  0.1407939227838575E+01
  0.1582402099793135E+01
  0.1766085116284462E+01
  0.2028337254334776E+01
  0.2355781007175007E+01
  0.2724073929709095E+01
  0.3147016125830393E+01
  0.3690671652445354E+01
  0.4444323715702367E+01
  0.5412968880007505E+01
  0.6279908373258954E+01
  0.6182249956476907E+01
  0.4366293079445094E+01
  0.1474038261341114E+01
  0.2781690080101012E-15
 -0.1850495939207525E-15
  0.4042930042808250E+01
 -0.8539519775394188E+00
 -0.1259804187117632E+01
 -0.5424358222623395E-01
  0.7974960618042610E+00
  0.1124524148650509E+01
  0.1314318746939612E+01
  0.1603976851011508E+01
  0.2025396813134356E+01
  0.2517884635486113E+01
  0.3030822282472200E+01
  0.3574920866331426E+01
  0.4223865997780557E+01
  0.5070501725982798E+01
  0.6117422163741402E+01
  0.7052270146038079E+01
  0.6879311897208964E+01
  0.4320234854261848E+01
  0.9757767274506680E+00
  0.3402632993074195E-15
 -0.1403398068328815E-15
  0.9940829230835865E+01
 -0.1628386651915199E+01
 -0.2718135861774772E+01
 -0.6662661686211551E+00
  0.4639136560675759E+00
  0.7982033652720852E+00
  0.1049818408130762E+01
  0.1504859235225231E+01
  0.2145616526549790E+01
  0.2863830409264870E+01
  0.3589661610893763E+01
  0.4334746194568400E+01
  0.5174833451411105E+01
  0.6184132833131097E+01
  0.7309934758982073E+01
  0.8186210011777439E+01
  0.7919417554990598E+01
  0.4546573690749383E+01
 -0.1715866541870920E+01
 -0.5241101064430709E-16
  0.2106909753000347E-16
  0.6427598091255768E+00
 -0.6291466149539047E+01
 -0.5509774731768529E+01
 -0.1692350346851012E+01
 -0.1421924265277068E+00
  0.3052247263120726E+00
  0.7071411769659157E+00
  0.1357562942359691E+01
  0.2201766683589456E+01
  0.3122978338419355E+01
  0.4060293875911164E+01
  0.5028789148530943E+01
  0.6095487828163500E+01
  0.7324539874960358E+01
  0.8660439578922908E+01
  0.9687439143386918E+01
  0.9279130171477181E+01
  0.5385483675001312E+01
  0.1016556144632474E+00
 -0.1138412281109780E-17
  0.1546682161686352E-17
  0.1576760259029026E+02
 -0.4501090587030784E+01
 -0.4505727432451405E+01
 -0.1824685922080146E+01
 -0.8033884089972702E+00
 -0.3163320125763557E+00
  0.2369462609692287E+00
  0.9587510777378001E+00
  0.1793563210402253E+01
  0.2685640494601572E+01
  0.3615693267022040E+01
  0.4592760269326366E+01
  0.5645214912080999E+01
  0.6833309250414668E+01
  0.8271225514374017E+01
  0.1001321798166250E+02
  0.1136744507425000E+02
  0.8591568908874569E+01
 -0.7973622839442938E+01
  0.1161112764096195E-16
  0.1126553819848219E-17
 -0.2733656111270605E+02
 -0.5852972257706496E+01
 -0.1404732359658472E+01
 -0.1356882915287352E+01
 -0.1143347925265293E+01
 -0.6406644609529061E+00
 -0.1310355254137462E+00
  0.3385483404204855E+00
  0.7921086632655412E+00
  0.1259134218177548E+01
  0.1758661979760171E+01
  0.2291485347641568E+01
  0.2835082035032791E+01
  0.3367509167989142E+01
  0.3975461491667194E+01
  0.5037730175516599E+01
  0.7358857792178545E+01
  0.1210804206277966E+02
  0.1905509309030997E+02
 -0.7936698715772794E-17
  0.2829090043829363E-18
 -0.3981054852095212E-17
  0.2100641709190665E-18
  0.3603278157619794E-17
  0.1482307657695026E-17
  0.9674810323538618E-17
  0.7723246413064710E-17
 -0.2293765221164645E-17
  0.5322755040546023E-17
  0.5675120746603812E-18
  0.9571472303973594E-18
  0.1356946781501389E-17
 -0.1026603932072212E-17
 -0.3166209156836575E-17
  0.4638352419164549E-17
 -0.4939896148387080E-17
  0.2180262806232569E-17
  0.6554340945853776E-17
  0.2187039069810603E-17
  0.6080002495391368E-17
  0.3816730460327877E-17
  0.3728331633041419E+05
  0.3728331633041419E+05
  0.1721499133033062E+05
  0.9015077091679486E+04
  0.5805955198657573E+04
  0.4615632141351623E+04
  0.4006250255593232E+04
  0.3409324598141685E+04
  0.2745671992084300E+04
  0.2084063392027123E+04
  0.1470988181688063E+04
  0.9059701808048055E+03
  0.3531339348413930E+03
 -0.2490348498076650E+03
 -0.9631835135696247E+03
 -0.1726506595121353E+04
 -0.1839212450446843E+04
 -0.4663531237017524E+03
 -0.5057472207249648E+04
 -0.5665602577680099E+05
 -0.5665603555311781E+05
  0.3728331633041419E+05
 -0.2883439106321330E+05
 -0.5370664414826550E+04
 -0.3688869188450464E+03
  0.4786454635036405E+03
  0.3098456330438118E+03
  0.6952416136291524E+02
 -0.1444946678544096E+02
  0.8223726458654079E+01
  0.5266504596790000E+02
  0.7994919801623797E+02
  0.8912422860035696E+02
  0.1062522222569582E+03
  0.1835886335551237E+03
  0.3887763467415941E+03
  0.7089813985605188E+03
  0.4219061576015628E+03
 -0.2438656924148631E+04
 -0.3932192561292352E+04
  0.4770433006428556E+05
 -0.5665604532943413E+05
 -0.2149691550516681E+05
  0.2385713277567103E+05
 -0.6528547168620710E+04
 -0.4212642735554755E+04
 -0.2486088274327193E+04
 -0.1629240446607560E+04
 -0.1235093525059760E+04
 -0.1002280197682102E+04
 -0.8040129222384720E+03
 -0.6137445237891375E+03
 -0.4297293212277201E+03
 -0.2466598696983190E+03
 -0.5911072645910743E+02
  0.1079869145263347E+03
  0.1539179048143051E+03
 -0.9389138295896531E+02
 -0.6256237445314040E+03
  0.1541764287548301E+04
  0.8646582683736438E+04
 -0.3770610708749952E+05
  0.3777418052373229E+05
  0.1064120400737731E+04
 -0.1884256315966961E+04
  0.3685972559369916E+03
 -0.9997195210515654E+03
 -0.9274135861552697E+03
 -0.7867865455945819E+03
 -0.6084218735830947E+03
 -0.4911619359646269E+03
 -0.4236208247190708E+03
 -0.3663464916071072E+03
 -0.2852522352602037E+03
 -0.1658472809182717E+03
 -0.2880778861777322E+02
  0.5071648913083611E+02
 -0.5711439134829362E+02
 -0.4648516619561162E+03
 -0.7116102949171468E+03
  0.2980911991086241E+04
  0.6998112176188142E+04
  0.6738367023366663E+04
 -0.2597871456304081E+04
 -0.4556537686034416E+04
  0.4994994195061099E+04
 -0.1313006679974744E+04
 -0.1201639633567643E+04
 -0.2230471692581636E+03
  0.3322624491366263E+02
  0.1076815516437614E+03
  0.8954247749800426E+02
  0.3395980940689631E+02
 -0.1349397870272656E+02
 -0.2308653838958396E+02
  0.1117553700031972E+02
  0.6110520442011554E+02
  0.5914556745398092E+02
 -0.9089016142201238E+02
 -0.4607868943141182E+03
 -0.7260533325555009E+03
  0.4054741874071051E+03
  0.3415108865486586E+04
 -0.1468239712950417E+05
  0.1927019447769571E+05
  0.1135876326680049E+04
  0.7011764349043992E+02
 -0.2614114592475443E+03
 -0.9041211504773887E+03
 -0.2791145114508850E+03
  0.1948550048982929E+03
  0.3086800436786175E+03
  0.2690877324820382E+03
  0.1903839887648202E+03
  0.1244119631786257E+03
  0.8994384798436101E+02
  0.8458596346189691E+02
  0.8530477403878859E+02
  0.5044035332067504E+02
 -0.6579273984131724E+02
 -0.2584576163945176E+03
 -0.2663330771816612E+03
  0.5745836040409533E+03
  0.3340977035050855E+04
 -0.6373603003073807E+03
  0.5170197552618026E+04
  0.1443281898429809E+04
  0.6511309141772252E+03
 -0.4662707467678903E+03
 -0.7012623107282668E+03
 -0.3738117624089938E+03
  0.4064749465869689E+02
  0.1993208202703023E+03
  0.1967681514514667E+03
  0.1463947563478678E+03
  0.1012516816268000E+03
  0.7582310078523624E+02
  0.6533009674063007E+02
  0.5297139148921875E+02
  0.1622831929833254E+02
 -0.5243930616246053E+02
 -0.8790494940454370E+02
  0.1291280706403929E+03
  0.7426448075636577E+03
  0.3155874607227439E+03
 -0.4777986569756505E+04
  0.8978725370351822E+04
  0.2656659993415082E+04
 -0.7673479127827994E+02
 -0.5876757873035052E+03
 -0.4621723152045486E+03
 -0.2893364258760447E+03
 -0.5581760670229937E+02
  0.6901705097528527E+02
  0.9016268010549210E+02
  0.7047141712760754E+02
  0.4904377891804041E+02
  0.3765235292216872E+02
  0.3206982799002786E+02
  0.1974309963950508E+02
 -0.1155770442450360E+02
 -0.5227844411209312E+02
 -0.2905787409821945E+02
  0.2082505131357696E+03
  0.6719090764511570E+03
  0.7509191431926339E+03
 -0.2219355715672170E+04
  0.6298752056751602E+04
  0.3251683841466998E+04
 -0.3016076333061499E+03
 -0.6086034757699323E+03
 -0.2697517358894364E+03
 -0.1488788500192879E+03
 -0.4605758068220486E+02
  0.1849593322558844E+02
  0.3701985851945072E+02
  0.3275947702511711E+02
  0.2558265986142375E+02
  0.2236345282120156E+02
  0.1965425867650415E+02
  0.8643835003460293E+01
 -0.1641891812622192E+02
 -0.4069508372895255E+02
 -0.4594489377882498E+01
  0.1757200609769418E+03
  0.3816193410254843E+03
 -0.4393646627692772E+03
 -0.1864566669163564E+04
  0.5695816752268496E+04
  0.3856327186993808E+04
 -0.6356152297063297E+03
 -0.6447280568898228E+03
 -0.1055564757680928E+03
 -0.2549236972513406E+02
 -0.8433805449073756E+01
  0.9713656342702780E+01
  0.2049427234222982E+02
  0.2358887825718959E+02
  0.2386680474683840E+02
  0.2389462046721833E+02
  0.2174220188084510E+02
  0.1261769844854991E+02
 -0.5261453984448270E+01
 -0.1865984719912635E+02
  0.1428524716419851E+02
  0.1428912417016188E+03
  0.2566171608778150E+03
 -0.3883223284875899E+03
 -0.1358921887400784E+04
  0.4994082720093822E+04
  0.4412593099497624E+04
 -0.9694984485911287E+03
 -0.6113189435115512E+03
  0.5124955479817803E+02
  0.6815202268787468E+02
  0.1336103404203179E+02
  0.3747319136970599E+00
  0.9271414796323688E+01
  0.1944749625683736E+02
  0.2490778446969803E+02
  0.2640937167016064E+02
  0.2490770053803472E+02
  0.1944733116121816E+02
  0.9271174994158624E+01
  0.3744386714266656E+00
  0.1336075274674307E+02
  0.6815187860400897E+02
  0.5124958162063369E+02
 -0.6113187300741720E+03
 -0.9694971929862349E+03
  0.4412592155162082E+04
  0.4994083678864718E+04
 -0.1358923371417814E+04
 -0.3883219945185973E+03
  0.2566173212477659E+03
  0.1428913655816106E+03
  0.1428542059128065E+02
 -0.1865964935097543E+02
 -0.5261260489745387E+01
  0.1261785609262182E+02
  0.2174229756538706E+02
  0.2389464017244806E+02
  0.2386674096027959E+02
  0.2358871760991333E+02
  0.2049399307440396E+02
  0.9713260798895416E+01
 -0.8434214746072874E+01
 -0.2549255886587412E+02
 -0.1055563450383096E+03
 -0.6447276807552669E+03
 -0.6356141428533206E+03
  0.3856326225072650E+04
  0.5695817855769711E+04
 -0.1864568534159034E+04
 -0.4393648155770060E+03
  0.3816194629520188E+03
  0.1757201225352302E+03
 -0.4594417248895972E+01
 -0.4069496386366708E+02
 -0.1641875336533444E+02
  0.8644005509375846E+01
  0.1965439814672101E+02
  0.2236354377522645E+02
  0.2558269030690706E+02
  0.3275941504506773E+02
  0.3701964185503515E+02
  0.1849551617346413E+02
 -0.4605808761965874E+02
 -0.1488790805832068E+03
 -0.2697515021339244E+03
 -0.6086031913664813E+03
 -0.3016069408824467E+03
  0.3251683054265751E+04
  0.6298752385833058E+04
 -0.2219356992424179E+04
  0.7509207149751837E+03
  0.6719093466314448E+03
  0.2082505496189848E+03
 -0.2905787954501355E+02
 -0.5227838282223723E+02
 -0.1155754735463594E+02
  0.1974331688121008E+02
  0.3207006861008553E+02
  0.3765260057371944E+02
  0.4904401845727070E+02
  0.7047159912023157E+02
  0.9016269631853685E+02
  0.6901677722917719E+02
 -0.5581811122415520E+02
 -0.2893366369754188E+03
 -0.4621716929597295E+03
 -0.5876746498306403E+03
 -0.7673384212598528E+02
  0.2656658698001385E+04
  0.8978728462932815E+04
 -0.4777991396543721E+04
  0.3155881380015666E+03
  0.7426449955102919E+03
  0.1291280180012908E+03
 -0.8790502988350477E+02
 -0.5243927725050669E+02
  0.1622850183093352E+02
  0.5297169356761058E+02
  0.6533046961420207E+02
  0.7582351109031521E+02
  0.1012521021734478E+03
  0.1463951243631165E+03
  0.1967683297394267E+03
  0.1993206354745853E+03
  0.4064694495042797E+02
 -0.3738121323920934E+03
 -0.7012617507450964E+03
 -0.4662707024869552E+03
  0.6511301166560968E+03
  0.1443281856880325E+04
  0.5170195654031671E+04
 -0.6373594944964068E+03
  0.3340980527423489E+04
  0.5745822642657740E+03
 -0.2663337179747285E+03
 -0.2584579445628482E+03
 -0.6579275392789515E+02
  0.5044059847116387E+02
  0.8530517891853252E+02
  0.8458640143472593E+02
  0.8994421804294203E+02
  0.1244122077792081E+03
  0.1903840450074121E+03
  0.2690874874744248E+03
  0.3086794000418882E+03
  0.1948540743260869E+03
 -0.2791152979966843E+03
 -0.9041196594527865E+03
 -0.2614085036946643E+03
  0.7011986348201120E+02
  0.1135872804233486E+04
  0.1927019724737136E+05
 -0.1468240505176019E+05
  0.3415110580416116E+04
  0.4054747356361278E+03
 -0.7260540268175367E+03
 -0.4607875402406044E+03
 -0.9089023634514953E+02
  0.5914591021131705E+02
  0.6110571707073718E+02
  0.1117593908938574E+02
 -0.2308645617457297E+02
 -0.1349432069289179E+02
  0.3395899642191050E+02
  0.8954118530574522E+02
  0.1076799241593085E+03
  0.3322474772508696E+02
 -0.2230482577221596E+03
 -0.1201640104450548E+04
 -0.1313005986433859E+04
  0.4994988731196486E+04
 -0.4556535381762998E+04
 -0.2597873438643587E+04
  0.6738370373214851E+04
  0.6998112090407267E+04
  0.2980919125176038E+04
 -0.7116106205309922E+03
 -0.4648524849987187E+03
 -0.5711447202411026E+02
  0.5071697541536702E+02
 -0.2880713318982792E+02
 -0.1658468370889421E+03
 -0.2852522526935752E+03
 -0.3663471054419234E+03
 -0.4236220757650272E+03
 -0.4911637515529385E+03
 -0.6084239763141065E+03
 -0.7867882339908776E+03
 -0.9274135914706222E+03
 -0.9997169038508962E+03
  0.3686039092988438E+03
 -0.1884251209511151E+04
  0.1064112411185781E+04
  0.3777418243294365E+05
 -0.3770611977697838E+05
  0.8646582935822911E+04
  0.1541767621350380E+04
 -0.6256247001667856E+03
 -0.9389201479983991E+02
  0.1539180657778709E+03
  0.1079875501059990E+03
 -0.5911000874144784E+02
 -0.2466592583678581E+03
 -0.4297288834625587E+03
 -0.6137443097460318E+03
 -0.8040129525304726E+03
 -0.1002280531152048E+04
 -0.1235094449808907E+04
 -0.1629242376947388E+04
 -0.2486090877587924E+04
 -0.4212644108381274E+04
 -0.6528545093550029E+04
  0.2385712287757007E+05
 -0.2149691426413929E+05
 -0.5665604660344510E+05
  0.4770434849166170E+05
 -0.3932197894239071E+04
 -0.2438661194046787E+04
  0.4219061690844158E+03
  0.7089823452001357E+03
  0.3887769406360355E+03
  0.1835888913653413E+03
  0.1062523383964946E+03
  0.8912444371913374E+02
  0.7994970358414980E+02
  0.5266596395062123E+02
  0.8225157176093360E+01
 -0.1444748453721444E+02
  0.6952643999118578E+02
  0.3098475472502140E+03
  0.4786466111119511E+03
 -0.3688855314735172E+03
 -0.5370659223844179E+04
 -0.2883438039582902E+05
  0.3728331485409478E+05
 -0.5665605637976434E+05
 -0.5665606615608656E+05
 -0.5057471739183291E+04
 -0.4663491890729323E+03
 -0.1839213504879795E+04
 -0.1726509459815612E+04
 -0.9631862587886691E+03
 -0.2490371652169159E+03
  0.3531320693476505E+03
  0.9059687122915709E+03
  0.1470987065594177E+04
  0.2084062588735762E+04
  0.2745671395630577E+04
  0.3409324110726976E+04
  0.4006250069791033E+04
  0.4615632717674782E+04
  0.5805956328167645E+04
  0.9015077116645174E+04
  0.1721498831459031E+05
  0.3728331485409478E+05
  0.3728331485409478E+05
 -0.6287233743203969E+01
  0.1000001474205211E+01
  0.1000001474205211E+01
  0.1000001474205211E+01
  0.1000001474205211E+01
  0.1000001474205211E+01
  0.1000001474205211E+01
  0.1000001474205211E+01
  0.1000001474205211E+01
  0.1000001474205211E+01
  0.1000001474205211E+01
  0.1000001474205211E+01
  0.1000001474205211E+01
  0.1000001474205211E+01
  0.1000001474205211E+01
  0.1000001474205211E+01
  0.1000001474205211E+01
  0.1000001474205211E+01
  0.1000001474205211E+01
  0.1000001474205211E+01
  0.7461960237274273E+01
 -0.1357446896061314E+02
 -0.1139891889731501E+02
 -0.4872268707420602E+01
 -0.2613540787293585E+01
 -0.1560735702322751E+01
 -0.9740186344706462E+00
 -0.5395326901512939E+00
 -0.1609116239052780E+00
  0.1637967397331313E+00
  0.4261932069025586E+00
  0.6307476846368133E+00
  0.7940915281204948E+00
  0.9515649592328260E+00
  0.1180180576201212E+01
  0.1650729169999134E+01
  0.2755493354480029E+01
  0.5251251149019790E+01
  0.9956350972671656E+01
  0.1816835298518335E+02
  0.1498502749655334E+02
  0.1392391900034333E+02
 -0.1242083617171616E+02
 -0.1054601712593719E+02
 -0.4921559988600233E+01
 -0.3416163803972605E+01
 -0.2575495399409203E+01
 -0.1891534736756176E+01
 -0.1285827798327210E+01
 -0.7446125161145654E+00
 -0.2806062707982439E+00
  0.1000478130667020E+00
  0.4062398027000350E+00
  0.6595500550883623E+00
  0.9018830230587123E+00
  0.1211657342602372E+01
  0.1726530229762387E+01
  0.2701500118411424E+01
  0.4218665267370821E+01
  0.2164535984409005E+01
 -0.6308722296603132E+01
  0.4701098872208746E+01
  0.8371039261812708E+01
 -0.2866183194227339E+02
 -0.2333645934057616E+02
 -0.7360341535484403E+01
 -0.3272153364712484E+01
 -0.2230216858371586E+01
 -0.1675508359745353E+01
 -0.1148378589493653E+01
 -0.6592945966327745E+00
 -0.2420564580917999E+00
  0.1026578301214698E+00
  0.3914353643077705E+00
  0.6475840627745496E+00
  0.9061609235057199E+00
  0.1224098865025828E+01
  0.1691402319914830E+01
  0.2450779637027858E+01
  0.3464463015504550E+01
  0.3014217237736185E+01
  0.9793220392662427E+01
  0.5707582508532703E+02
  0.7283669331621520E+02
 -0.1294579369646158E+02
 -0.1178483998803297E+02
 -0.8301978862747140E+01
 -0.3798791204766246E+01
 -0.1976417958323901E+01
 -0.1297408902108023E+01
 -0.8155270768822797E+00
 -0.4091983771513388E+00
 -0.7135729608989409E-01
  0.2111426744064358E+00
  0.4583073092195228E+00
  0.6925689186123689E+00
  0.9432387277849091E+00
  0.1254072546449679E+01
  0.1687042192109922E+01
  0.2304506001436541E+01
  0.3058360715069741E+01
  0.3690621495873750E+01
  0.2972288070813311E+01
  0.2197218573471554E+02
  0.2830548495601626E+02
 -0.1461540112230108E+02
 -0.1313534989770688E+02
 -0.8695196223924325E+01
 -0.4243308565418120E+01
 -0.2049435505456143E+01
 -0.1146703468735134E+01
 -0.6394320825900707E+00
 -0.2673781871690823E+00
  0.3014652709022714E-01
  0.2804868194189234E+00
  0.5053846118541337E+00
  0.7265393220250946E+00
  0.9712384047631233E+00
  0.1278630645812860E+01
  0.1700235282047048E+01
  0.2277749150746311E+01
  0.3024928194720724E+01
  0.4329103351353364E+01
  0.9649854639269503E+01
  0.3148668041618043E+02
  0.3876562234181741E+02
 -0.1340405726125281E+02
 -0.1223670052618423E+02
 -0.8734630320978496E+01
 -0.4545288523469718E+01
 -0.2222523021542310E+01
 -0.1172956638579657E+01
 -0.6148613672952581E+00
 -0.2399101842856969E+00
  0.4994321002225828E-01
  0.2934067236670105E+00
  0.5141496523790373E+00
  0.7338373252562885E+00
  0.9788029878157506E+00
  0.1285378145108380E+01
  0.1701636196547479E+01
  0.2281152890871927E+01
  0.3116585704350685E+01
  0.4662326767732106E+01
  0.8441417724650792E+01
  0.2296112503515105E+02
  0.2780102747198448E+02
 -0.1400503887873375E+02
 -0.1271912233038347E+02
 -0.8861372685332633E+01
 -0.4659794285446843E+01
 -0.2316507027154378E+01
 -0.1223365268794423E+01
 -0.6384460778170143E+00
 -0.2548987161760486E+00
  0.3738749077742428E-01
  0.2828102226794250E+00
  0.5063795512026882E+00
  0.7295077079069250E+00
  0.9768723123912667E+00
  0.1281159467668120E+01
  0.1687615950309157E+01
  0.2264774964935762E+01
  0.3179369194189094E+01
  0.5082638644364795E+01
  0.1031886729262112E+02
  0.2124127277743537E+02
  0.2488207460570678E+02
 -0.1466597092235726E+02
 -0.1323191127201249E+02
 -0.8929732320978141E+01
 -0.4675525913033947E+01
 -0.2338779964124264E+01
 -0.1241332828017337E+01
 -0.6519879196482689E+00
 -0.2668250724900237E+00
  0.2636415583604366E-01
  0.2735406458122121E+00
  0.4999684950015359E+00
  0.7262567333065352E+00
  0.9749564774139124E+00
  0.1275386966609938E+01
  0.1671615721348813E+01
  0.2245918460158704E+01
  0.3211280857451212E+01
  0.5231565013728388E+01
  0.9995202295873174E+01
  0.1899323468172177E+02
  0.2199257881033797E+02
 -0.1570635308765570E+02
 -0.1404147064963858E+02
 -0.9046823335587211E+01
 -0.4643509953920012E+01
 -0.2328130851567819E+01
 -0.1240515365694320E+01
 -0.6535591815574483E+00
 -0.2693778139718971E+00
  0.2336522401526620E-01
  0.2709412830456874E+00
  0.4986650542853776E+00
  0.7264183914575906E+00
  0.9749883869502076E+00
  0.1271461367802704E+01
  0.1660664113992629E+01
  0.2238839733642481E+01
  0.3262010668064098E+01
  0.5449653230947006E+01
  0.1024178511117436E+02
  0.1735331362171257E+02
  0.1972382312522532E+02
 -0.1702794082010006E+02
 -0.1505328520746446E+02
 -0.9129318369557609E+01
 -0.4557828452870465E+01
 -0.2299134545560523E+01
 -0.1237635052509971E+01
 -0.6548177915010837E+00
 -0.2696177359097640E+00
  0.2401638350070549E-01
  0.2719416781820321E+00
  0.5000003945886521E+00
  0.7280590580602522E+00
  0.9759841957736057E+00
  0.1269618063963038E+01
  0.1654817797924363E+01
  0.2237634695505835E+01
  0.3299133758120734E+01
  0.5557826799340914E+01
  0.1012931377179006E+02
  0.1605327478935289E+02
  0.1802792846187381E+02
 -0.1872383640596645E+02
 -0.1635332474692497E+02
 -0.9241789769800508E+01
 -0.4449654890779114E+01
 -0.2262011466833698E+01
 -0.1238840094797201E+01
 -0.6606641054946499E+00
 -0.2714610341806569E+00
  0.2501219735446836E-01
  0.2735823462673324E+00
  0.5013357317073736E+00
  0.7290594453882689E+00
  0.9766353431565014E+00
  0.1269378125939344E+01
  0.1653559169070687E+01
  0.2240514992502656E+01
  0.3328130060053377E+01
  0.5643508252786273E+01
  0.1004681851792782E+02
  0.1504146069307223E+02
  0.1670634141812035E+02
 -0.2099259346834935E+02
 -0.1799324659527414E+02
 -0.8995205976048508E+01
 -0.4231566474623637E+01
 -0.2211281647477108E+01
 -0.1245918834537171E+01
 -0.6716157166681006E+00
 -0.2753866287767779E+00
  0.2504410970430904E-01
  0.2737439992605706E+00
  0.5000322759217524E+00
  0.7264600577458982E+00
  0.9736363759457515E+00
  0.1266825335975545E+01
  0.1651987845029928E+01
  0.2241332394595418E+01
  0.3338779163538160E+01
  0.5675524308096029E+01
  0.9929727654648998E+01
  0.1423190187594854E+02
  0.1566595994971504E+02
 -0.2388209116415126E+02
 -0.2024128629795420E+02
 -0.9318871699363012E+01
 -0.4082640134338039E+01
 -0.2179370017142742E+01
 -0.1264775371588157E+01
 -0.6876159586536165E+00
 -0.2811591308635415E+00
  0.2312827034496324E-01
  0.2704930088206738E+00
  0.4936211919480975E+00
  0.7171904426468538E+00
  0.9626129905666713E+00
  0.1254898908936246E+01
  0.1638445901833087E+01
  0.2223364717034819E+01
  0.3316506158086665E+01
  0.5659792680705247E+01
  0.9861367721949755E+01
  0.1371911282098206E+02
  0.1500502785399284E+02
 -0.2680104306361143E+02
 -0.2196113700020663E+02
 -0.7441418809992209E+01
 -0.3662327948758463E+01
 -0.2116586508999112E+01
 -0.1281153324737259E+01
 -0.7016362237348679E+00
 -0.2853778168654841E+00
  0.2119758508675923E-01
  0.2661633790805276E+00
  0.4858510829052793E+00
  0.7065939453827478E+00
  0.9500572864100969E+00
  0.1239910387494927E+01
  0.1614861160591073E+01
  0.2172956000364009E+01
  0.3222522151555428E+01
  0.5545287326479402E+01
  0.9734626341540494E+01
  0.1323669216531334E+02
  0.1440404743990428E+02
 -0.3776564991418350E+02
 -0.3048670189926352E+02
 -0.8649857854503585E+01
 -0.3329104321086371E+01
 -0.2024928857767198E+01
 -0.1277749562831705E+01
 -0.7002353170715139E+00
 -0.2786303256675065E+00
  0.2876216853894029E-01
  0.2734614061013089E+00
  0.4946161897672913E+00
  0.7195139745749888E+00
  0.9698541545682535E+00
  0.1267378604099623E+01
  0.1639432034660154E+01
  0.2146702848230409E+01
  0.3049434652015042E+01
  0.5243307414954459E+01
  0.9695191231782896E+01
  0.1413533843496486E+02
  0.1561538750269217E+02
 -0.2730549535837525E+02
 -0.2097219216121755E+02
 -0.1972282569744487E+01
 -0.2690622796849904E+01
 -0.2058361491202445E+01
 -0.1304506463794932E+01
 -0.6870422375024230E+00
 -0.2540722264056763E+00
  0.5676186883021151E-01
  0.3074318769219425E+00
  0.5416936259539624E+00
  0.7888583389229561E+00
  0.1071358277205450E+01
  0.1409199108659112E+01
  0.1815527219703937E+01
  0.2297408218291351E+01
  0.2976416974725054E+01
  0.4798791379757396E+01
  0.9301977587565755E+01
  0.1278483573377688E+02
  0.1394578844918059E+02
 -0.7183673358561269E+02
 -0.5607585780840562E+02
 -0.8793230476784363E+01
 -0.2014215105885131E+01
 -0.2464464155690479E+01
 -0.1450780351786051E+01
 -0.6914024153270841E+00
 -0.2240985390556169E+00
  0.9383971393383676E-01
  0.3524167960956974E+00
  0.6085656525483217E+00
  0.8973432842477664E+00
  0.1242057530232314E+01
  0.1659295323617570E+01
  0.2148378525693445E+01
  0.2675507229053141E+01
  0.3230215097398075E+01
  0.4272152390174569E+01
  0.8360337732903950E+01
  0.2433643866993052E+02
  0.2966180564893939E+02
 -0.7371039567628904E+01
 -0.3701098280158011E+01
  0.7308725582254671E+01
 -0.1164531274951787E+01
 -0.3218667241317369E+01
 -0.1701501233540235E+01
 -0.7265304206939018E+00
 -0.2116569755874701E+00
  0.9811770004634619E-01
  0.3404508563705050E+00
  0.5937611819462294E+00
  0.8999531404843426E+00
  0.1280606998772243E+01
  0.1744612688992580E+01
  0.2285827077230782E+01
  0.2891533095972997E+01
  0.3575493488774517E+01
  0.4416163839580628E+01
  0.5921567510664508E+01
  0.1154601614090118E+02
  0.1342083235098007E+02
 -0.1292392737545302E+02
 -0.1398503669665377E+02
 -0.1716836466025600E+02
 -0.8956358882588587E+01
 -0.4251255611776512E+01
 -0.1755494933708938E+01
 -0.6507292488333005E+00
 -0.1801799386585585E+00
  0.4843601596416455E-01
  0.2059095663599059E+00
  0.3692533940624803E+00
  0.5738077337737418E+00
  0.8362038793696710E+00
  0.1160911656484776E+01
  0.1539531859648135E+01
  0.1974016704097496E+01
  0.2560732171765243E+01
  0.3613534381825259E+01
  0.5872258116511896E+01
  0.1239890755541518E+02
  0.1457445736838295E+02
 -0.6461963687726512E+01
  0.6844026213814747E-18
  0.9147955830346444E-19
  0.3337309812181943E-18
  0.4726443845678996E-18
  0.1016439536705160E-18
 -0.9994988777600744E-19
  0.3269547176401599E-18
  0.1711006553453687E-18
  0.3049318610115481E-18
  0.1829591166069289E-18
  0.2473336205982557E-18
  0.2558039500707987E-18
 -0.2202285662861181E-19
  0.2066760391300493E-18
 -0.1101142831430590E-18
  0.6572975670693371E-18
  0.2202285662861181E-18
 -0.7115076756936123E-19
  0.3201784540621255E-18
  0.7287228684191471E+01
