 -0.5370188885592264E-18
 -0.3794707603699266E-18
  0.4404571325722362E-19
  0.1355252715606881E-18
  0.7962109704190423E-19
  0.2219226321806267E-18
  0.4048817487875556E-18
 -0.2270048298641525E-18
 -0.8470329472543003E-19
  0.6945670167485263E-19
 -0.6742382260144231E-18
  0.1929541053845296E-17
 -0.9825582188149884E-18
  0.1321371397716709E-18
  0.9994988777600744E-19
 -0.1694065894508601E-19
 -0.5471832839262780E-18
  0.6030874584450618E-18
  0.5929230630780102E-19
 -0.1016439536705160E-18
  0.1524659305057741E-19
 -0.7030373462210693E-18
  0.1906212774549271E+02
  0.1210415937658107E+02
  0.7355187065930908E+01
  0.5036634830821876E+01
  0.3975423655708323E+01
  0.3364309926929876E+01
  0.2821414900815407E+01
  0.2257283064053805E+01
  0.1693387853722509E+01
  0.1154290804541930E+01
  0.6410438808370512E+00
  0.1345839677120525E+00
 -0.3913632089189754E+00
 -0.9433979038631218E+00
 -0.1422802399808714E+01
 -0.1491190006524262E+01
 -0.1549990771242943E+01
 -0.6193316816358188E+01
 -0.2622856819211470E+02
  0.6606856988583543E-19
  0.2879912020664621E-18
 -0.7982841290978762E+01
  0.8593723139871191E+01
  0.1137031409335846E+02
  0.1001881096215645E+02
  0.8280826845496348E+01
  0.6842728485970966E+01
  0.5641792743999559E+01
  0.4553078318183162E+01
  0.3509269110113240E+01
  0.2485502384739671E+01
  0.1487910312153111E+01
  0.5593538941485540E+00
 -0.2199525129881119E+00
 -0.7963334747001639E+00
 -0.1344510523132181E+01
 -0.2611324402285654E+01
 -0.5650464666193614E+01
 -0.5045160062471276E+01
  0.1546347075132315E+02
 -0.2490276864927643E-18
  0.1490777987167569E-18
  0.9483992555154955E-01
  0.5378627169214798E+01
  0.9276823522527437E+01
  0.9694544859749774E+01
  0.8679211903233554E+01
  0.7351436826018676E+01
  0.6114960249194054E+01
  0.5009497131269069E+01
  0.3959390913431430E+01
  0.2901359146330632E+01
  0.1845293770320422E+01
  0.8927078439326863E+00
  0.1923912824602427E+00
 -0.2227402644690351E+00
 -0.7560904665437223E+00
 -0.2572201261026862E+01
 -0.6446883726486941E+01
 -0.6149033250164841E+01
  0.9137565395999745E+00
 -0.3218725199566341E-18
  0.1372193374551967E-18
 -0.1726764321870567E+01
  0.4538387277148783E+01
  0.7915073177309984E+01
  0.8195772906948944E+01
  0.7335879541975374E+01
  0.6222514268705637E+01
  0.5208767236184690E+01
  0.4331833274971291E+01
  0.3506453849237829E+01
  0.2659732288476982E+01
  0.1803346471201841E+01
  0.1045383085189360E+01
  0.5230431776145134E+00
  0.2413768945217733E+00
 -0.1423623569554565E+00
 -0.1332583986242469E+01
 -0.3130876768129011E+01
 -0.1762859396978847E+01
  0.9570300693082725E+01
  0.1202786785101106E-18
  0.2625802136488331E-18
  0.9663591794880541E+00
  0.4307872161536525E+01
  0.6872092038587854E+01
  0.7061561156926881E+01
  0.6146590343552957E+01
  0.5113755684458368E+01
  0.4264185758380343E+01
  0.3582790912112328E+01
  0.2967222164237140E+01
  0.2343635624319006E+01
  0.1715904345955422E+01
  0.1161372656856743E+01
  0.7649888648895324E+00
  0.5007407553977157E+00
  0.1314295084042766E+00
 -0.6545922368649136E+00
 -0.1482452705137269E+01
 -0.6544605157190273E+00
  0.4038708654376970E+01
  0.1694065894508601E-19
 -0.1998997755520149E-18
  0.1466862735436842E+01
  0.4354891613458708E+01
  0.6173332609127001E+01
  0.6286256091723088E+01
  0.5441946683235896E+01
  0.4491223488785110E+01
  0.3739915489438317E+01
  0.3172402486924265E+01
  0.2689742841121789E+01
  0.2221078296842375E+01
  0.1757515295712769E+01
  0.1339216940657172E+01
  0.1001517094033422E+01
  0.6996169871135433E+00
  0.2919153638501084E+00
 -0.2436315702460089E+00
 -0.2615184134101074E+00
  0.1682686568523834E+01
  0.5215114333293769E+01
 -0.1185846126156020E-19
  0.6268043809681823E-19
  0.2175496039646731E+01
  0.4466358482582314E+01
  0.5569009825693085E+01
  0.5567752754477108E+01
  0.4903370015215851E+01
  0.4124456143806099E+01
  0.3488857044671372E+01
  0.3010005137657652E+01
  0.2617708052817913E+01
  0.2252946816968565E+01
  0.1897781948504081E+01
  0.1565064812468532E+01
  0.1261475222914094E+01
  0.9500995577877368E+00
  0.5846469791206201E+00
  0.3097267931317365E+00
  0.7105798835335450E+00
  0.2413872217685572E+01
  0.4261512209568772E+01
  0.1219727444046192E-18
  0.8131516293641283E-19
  0.2578812392176764E+01
  0.4441372862716493E+01
  0.4962898993768903E+01
  0.4819042370490497E+01
  0.4331026005785977E+01
  0.3769243714725133E+01
  0.3287906534624218E+01
  0.2912317036188607E+01
  0.2606079968540782E+01
  0.2328447951568527E+01
  0.2058669291788034E+01
  0.1793328451284921E+01
  0.1527857804954935E+01
  0.1248723030990855E+01
  0.9898230933584852E+00
  0.9824116969256604E+00
  0.1718233650944448E+01
  0.3361913798180466E+01
  0.3920334198013715E+01
 -0.9486769009248164E-19
  0.7453889935837843E-19
  0.2944099455963271E+01
  0.4339458748604215E+01
  0.4330177076289555E+01
  0.4052690940544691E+01
  0.3716891414599405E+01
  0.3368359828964024E+01
  0.3054221994255423E+01
  0.2795563843070129E+01
  0.2582703596630623E+01
  0.2392432713696537E+01
  0.2204132380732084E+01
  0.2005316789725398E+01
  0.1790345417502909E+01
  0.1572732461906135E+01
  0.1442231730837163E+01
  0.1649452302049259E+01
  0.2524895132990009E+01
  0.3839400582791647E+01
  0.3625772142924117E+01
  0.2202285662861181E-18
 -0.1185846126156020E-19
  0.3269127195426386E+01
  0.4116629368969154E+01
  0.3636789254465506E+01
  0.3281684805021918E+01
  0.3102189116558002E+01
  0.2952142491275155E+01
  0.2796610656761863E+01
  0.2655384142580444E+01
  0.2540116038046584E+01
  0.2440475257641712E+01
  0.2335372933635911E+01
  0.2207293295440203E+01
  0.2055303047182846E+01
  0.1918763932794390E+01
  0.1923688864370583E+01
  0.2308680129137125E+01
  0.3253108671183947E+01
  0.4250022367120160E+01
  0.3403059610999812E+01
  0.5251604272976662E-19
 -0.2642742795433417E-18
  0.3591882270030523E+01
  0.3734937591299851E+01
  0.2848097344976940E+01
  0.2506737862791210E+01
  0.2511463832146743E+01
  0.2546919671247143E+01
  0.2532656283377048E+01
  0.2501930926379914E+01
  0.2485624568314623E+01
  0.2480213704312291E+01
  0.2461622953023940E+01
  0.2409507445349502E+01
  0.2330634237825513E+01
  0.2286102932951189E+01
  0.2420194914086204E+01
  0.2936005161690485E+01
  0.3870301653058766E+01
  0.4534179711967112E+01
  0.3211243856878373E+01
  0.9147955830346444E-19
 -0.3100140586950739E-18
  0.3966425499362007E+01
  0.3291589548941058E+01
  0.2002892337053810E+01
  0.1747344493819936E+01
  0.1959048423994664E+01
  0.2159948651190654E+01
  0.2263803414676315E+01
  0.2334744260137697E+01
  0.2419645393391347E+01
  0.2513791344767628E+01
  0.2586467091309946E+01
  0.2615756967160172E+01
  0.2617559565493596E+01
  0.2669907919497825E+01
  0.2921938969398502E+01
  0.3530084943436756E+01
  0.4406492170934403E+01
  0.4745186989029657E+01
  0.3049549999035716E+01
 -0.2541098841762901E-19
  0.3049318610115481E-19
  0.4321479658884439E+01
  0.2283348952446326E+01
  0.9448010412971140E+00
  0.9965805407028949E+00
  0.1459761622116130E+01
  0.1794860885823359E+01
  0.1986861006986396E+01
  0.2151491298922064E+01
  0.2343191907849409E+01
  0.2544290150025294E+01
  0.2712688325470485E+01
  0.2826277369948047E+01
  0.2911610705364230E+01
  0.3059849956876278E+01
  0.3415901380635327E+01
  0.4084714886549649E+01
  0.4871544642344202E+01
  0.4905985155704358E+01
  0.2915094137100067E+01
  0.1321371397716709E-18
  0.1016439536705160E-18
  0.5488184887175863E+01
  0.1650346690807266E+01
 -0.1112843387565057E-01
  0.3977768345788003E+00
  0.1077392711167404E+01
  0.1472828053809924E+01
  0.1712536535700079E+01
  0.1967963428127957E+01
  0.2279131560570478E+01
  0.2597155005865449E+01
  0.2862449342431086E+01
  0.3055275701082815E+01
  0.3216161225734476E+01
  0.3448064499853260E+01
  0.3887692820173814E+01
  0.4590529675032951E+01
  0.5268309203904508E+01
  0.5008980019648724E+01
  0.2783966327716926E+01
 -0.8470329472543003E-20
 -0.6776263578034403E-20
  0.4042076372810826E+01
 -0.8543415255257992E+00
 -0.1266475466432966E+01
 -0.5300200309158689E-01
  0.8226344522902828E+00
  0.1197361104250326E+01
  0.1458221735900854E+01
  0.1820675800370148E+01
  0.2278235957945212E+01
  0.2730397865390414E+01
  0.3094679253027685E+01
  0.3356983624492484E+01
  0.3575378763510289E+01
  0.3863500722959393E+01
  0.4348278223215732E+01
  0.5048674678077843E+01
  0.5619172077565145E+01
  0.5131147254980593E+01
  0.2702267084820318E+01
  0.9994988777600744E-19
  0.1050320854595332E-18
  0.9936994413869154E+01
 -0.1630440730442528E+01
 -0.2723062225884457E+01
 -0.6643282463881319E+00
  0.4904635409064528E+00
  0.8762210273144654E+00
  0.1199525613709733E+01
  0.1713891646885453E+01
  0.2353507743124874E+01
  0.2965523320937006E+01
  0.3448568550336183E+01
  0.3795273256631447E+01
  0.4076983316263037E+01
  0.4407031980199405E+01
  0.4887884037200257E+01
  0.5501891699511613E+01
  0.5874025363383669E+01
  0.5062038788388417E+01
  0.2503658508418703E+01
  0.1118083490375676E-18
  0.2032879073410321E-19
  0.6450767542467520E+00
 -0.6289036337617228E+01
 -0.5513790820973898E+01
 -0.1692230035747560E+01
 -0.1187586131042052E+00
  0.3793857674582483E+00
  0.8445189325606078E+00
  0.1531790490990926E+01
  0.2339049122439978E+01
  0.3105589043263195E+01
  0.3736781512304308E+01
  0.4230200557767530E+01
  0.4652499152456754E+01
  0.5091221115274828E+01
  0.5592682431673763E+01
  0.6088887724145717E+01
  0.6296177456879471E+01
  0.5462883763771179E+01
  0.2658338984214213E+01
  0.3557538378468061E-19
  0.6268043809681823E-19
  0.1576410343848205E+02
 -0.4506787333309998E+01
 -0.4512456273819270E+01
 -0.1824577097409225E+01
 -0.7830812265425978E+00
 -0.2558946189156485E+00
  0.3397597796448013E+00
  0.1077935194667671E+01
  0.1875284681401735E+01
  0.2646482136288882E+01
  0.3346562420487970E+01
  0.3980294276596916E+01
  0.4594057796382963E+01
  0.5240866591658556E+01
  0.5910029081306701E+01
  0.6406839517962915E+01
  0.6211405753215454E+01
  0.4587856987448519E+01
  0.1668259401846467E+01
  0.6776263578034403E-20
 -0.5082197683525802E-20
 -0.2733165429972034E+02
 -0.5855759673592211E+01
 -0.1404447433811018E+01
 -0.1350528753492551E+01
 -0.1123867328635531E+01
 -0.6042734620392870E+00
 -0.8260053627146011E-01
  0.3891923581549823E+00
  0.8316018384629913E+00
  0.1266883490184834E+01
  0.1707725402302892E+01
  0.2167838602739579E+01
  0.2677392978156792E+01
  0.3295732991808403E+01
  0.4118767073287084E+01
  0.5239530409925674E+01
  0.6516911375713689E+01
  0.6980473852690313E+01
  0.4554043686716831E+01
 -0.7115076756936123E-19
  0.9656175598699024E-19
 -0.3388131789017201E-20
 -0.3896351557369782E-19
  0.5759824041329242E-19
  0.3896351557369782E-19
 -0.1880413142904547E-18
  0.3557538378468061E-19
  0.1185846126156020E-19
  0.1016439536705160E-19
 -0.7792703114739563E-19
 -0.9147955830346444E-19
  0.1694065894508601E-19
 -0.1694065894508601E-19
  0.5251604272976662E-19
 -0.3388131789017201E-19
 -0.1185846126156020E-19
 -0.2541098841762901E-19
  0.2710505431213761E-19
  0.3557538378468061E-19
 -0.5082197683525802E-19
 -0.7792703114739563E-19
  0.3729999076223860E+05
  0.3729999076223860E+05
  0.1720611065012112E+05
  0.9008152203245676E+04
  0.5803385151930261E+04
  0.4614492853244421E+04
  0.4000706326130471E+04
  0.3390152553599748E+04
  0.2700989833067623E+04
  0.2002607052020881E+04
  0.1344594745151968E+04
  0.7267307231344204E+03
  0.1073610190111713E+03
 -0.5769731108149757E+03
 -0.1364695950369564E+04
 -0.2089785050633068E+04
 -0.1865556442783145E+04
 -0.4329872317666478E+03
 -0.5821889654044769E+04
 -0.5431116555262361E+05
 -0.5431117493269433E+05
  0.3729999076223860E+05
 -0.2885087629872430E+05
 -0.5362239662204590E+04
 -0.3638559743411384E+03
  0.4811529298637930E+03
  0.3120307828666813E+03
  0.7293093173656666E+02
 -0.8909547045830625E+01
  0.1549952614042159E+02
  0.5891662377172385E+02
  0.8110835803538619E+02
  0.8504382188905188E+02
  0.1082794748603881E+03
  0.2146745482168878E+03
  0.4652369989447105E+03
  0.7648444434919761E+03
  0.1522569765662823E+03
 -0.2854003276585790E+04
 -0.3220180608189608E+04
  0.4567376932018519E+05
 -0.5431118431276504E+05
 -0.2151582010291921E+05
  0.2387282167846667E+05
 -0.6541881040395677E+04
 -0.4217306183833127E+04
 -0.2488124998893247E+04
 -0.1631293184583862E+04
 -0.1238141670706897E+04
 -0.1006383855512438E+04
 -0.8053096575232621E+03
 -0.6043517150208010E+03
 -0.4019012418546214E+03
 -0.1956059580632355E+03
  0.1427360386840336E+02
  0.1851827844973158E+03
  0.1966994216174329E+03
 -0.9004669629453473E+02
 -0.4360107086551181E+03
  0.2586201693317376E+04
  0.8887142529984012E+04
 -0.3688554078883669E+05
  0.3699894580332997E+05
  0.1055875508362463E+04
 -0.1884135202184687E+04
  0.3745391651988025E+03
 -0.9957930866837838E+03
 -0.9257014007488347E+03
 -0.7887834029308625E+03
 -0.6172559365996818E+03
 -0.5079304991275593E+03
 -0.4438164445125925E+03
 -0.3786350237873838E+03
 -0.2760990075184259E+03
 -0.1287058716315042E+03
  0.2472354498003729E+02
  0.8542086405689393E+02
 -0.8039752408690821E+02
 -0.5199245565477762E+03
 -0.5166829807785092E+03
  0.3654886086552945E+04
  0.6030120729008432E+04
  0.6091884632784140E+04
 -0.1949433847980710E+04
 -0.4573445783879511E+04
  0.5002657318777457E+04
 -0.1315023071147725E+04
 -0.1197597985568166E+04
 -0.2233134347206862E+03
  0.3020147571019734E+02
  0.9816714171369796E+02
  0.7286069863820498E+02
  0.1341407294340050E+02
 -0.3024994426587375E+02
 -0.2636709564528929E+02
  0.2617683029474643E+02
  0.8549523960292439E+02
  0.6937008729301174E+02
 -0.1186598397057568E+03
 -0.5083906058700560E+03
 -0.6556347910633265E+03
  0.2646724519017698E+03
  0.3488050024182616E+04
 -0.1403663837180869E+05
  0.1850268652055825E+05
  0.1123124210483837E+04
  0.7301354068426095E+02
 -0.2557064844453899E+03
 -0.8986292901563110E+03
 -0.2788737511165536E+03
  0.1912002855334310E+03
  0.3015545124935971E+03
  0.2584964539836453E+03
  0.1775316829679720E+03
  0.1123817534454861E+03
  0.8354621540286473E+02
  0.8747910619856144E+02
  0.9544610847352600E+02
  0.5954155453660056E+02
 -0.6266629674264767E+02
 -0.2355212853058018E+03
 -0.1714697152708800E+03
  0.5096720195585676E+03
  0.2775823722108701E+04
 -0.8095520186136349E+03
  0.5251229138834406E+04
  0.1434376061607248E+04
  0.6517183369157292E+03
 -0.4642898935026806E+03
 -0.6956914801323753E+03
 -0.3707601430437641E+03
  0.3806947846382962E+02
  0.1932452651019804E+03
  0.1881135876841712E+03
  0.1352889550693451E+03
  0.8866802878782080E+02
  0.6456505713529909E+02
  0.5931703391333417E+02
  0.5516981453190908E+02
  0.2844703132060755E+02
 -0.2181133887106029E+02
 -0.1164635891137641E+02
  0.2518088943538149E+03
  0.7423877462562127E+03
  0.1697168285159658E+03
 -0.4351019830611702E+04
  0.8433650658893303E+04
  0.2648585278320288E+04
 -0.7598021709201466E+02
 -0.5848088877485513E+03
 -0.4565412954620049E+03
 -0.2842459629463479E+03
 -0.5602146981665033E+02
  0.6386220411130358E+02
  0.8085414383931685E+02
  0.5681626344735163E+02
  0.3137827591494266E+02
  0.1841042243368279E+02
  0.1603341813356872E+02
  0.1317388108451796E+02
 -0.4549425514014162E+00
 -0.8094758690174753E+01
  0.6801672587703629E+02
  0.3200557371542366E+03
  0.6120544265950748E+03
  0.3980026359908375E+03
 -0.2198691170186710E+04
  0.6213163132244616E+04
  0.3245431015966848E+04
 -0.3017124751604916E+03
 -0.6070825566339565E+03
 -0.2646755162672318E+03
 -0.1430400154167261E+03
 -0.4399137985067122E+02
  0.1528759756565184E+02
  0.2820708047498225E+02
  0.1761290864741817E+02
  0.3919779125286358E+01
 -0.3733849227608001E+01
 -0.5597726389595694E+01
 -0.7094970213941025E+01
 -0.9160895079465183E+01
  0.1102345835637013E+02
  0.1092377874231130E+03
  0.3018461986089755E+03
  0.3427013757954348E+03
 -0.6120165861748671E+03
 -0.1772855403717392E+04
  0.5590831403315735E+04
  0.3850719129924697E+04
 -0.6355997761159382E+03
 -0.6435017044109595E+03
 -0.1006438510163454E+03
 -0.1930116492798098E+02
 -0.4815450664113452E+01
  0.8625783115341690E+01
  0.1335419360601159E+02
  0.8915637186816099E+01
  0.7726073005437069E+00
 -0.6261899503430258E+01
 -0.1039096962540958E+02
 -0.1123840291782635E+02
 -0.2661231993168095E+01
  0.3820354876555800E+02
  0.1439053708120154E+03
  0.2835498554083477E+03
  0.2073509912122821E+03
 -0.6253294526892217E+03
 -0.1336117632137109E+04
  0.5018987851265151E+04
  0.4407732040499527E+04
 -0.9695590458019262E+03
 -0.6109134723964740E+03
  0.5603181877624246E+02
  0.7460892323917201E+02
  0.1800331127023845E+02
  0.1015252852047065E+01
  0.3994135687371692E+01
  0.6160527418603701E+01
  0.2077660189863932E+01
 -0.5442198431088192E+01
 -0.1155164289156946E+02
 -0.1059729571733765E+02
  0.7664271024335421E+01
  0.6149321682878176E+02
  0.1598808507791587E+03
  0.2331329697255603E+03
  0.2081313100008287E+02
 -0.8313714989724164E+03
 -0.1010080000727910E+04
  0.4588713845919727E+04
  0.4989666334139749E+04
 -0.1358815477117681E+04
 -0.3884874722605043E+03
  0.2612515859269533E+03
  0.1494015656868661E+03
  0.1976948606356444E+02
 -0.1625632121397376E+02
 -0.8310456395072594E+01
  0.1483465629473809E+01
  0.4282717980277007E+00
 -0.7891916905544234E+01
 -0.1484926289267957E+02
 -0.1078127510235415E+02
  0.1579131940024976E+02
  0.7625816653963525E+02
  0.1604336954534727E+03
  0.1784475513670261E+03
 -0.1056468727651310E+03
 -0.8834698323646116E+03
 -0.7432744200530374E+03
  0.4225132020299056E+04
  0.5691860533522143E+04
 -0.1864300152276329E+04
 -0.4402674337946065E+03
  0.3861547850712112E+03
  0.1824159000220048E+03
  0.2237152241329376E+01
 -0.3566200022446532E+02
 -0.1628942162647497E+02
  0.2731119580517306E+00
 -0.3536136886078413E+00
 -0.1085835808441799E+02
 -0.1870997500216986E+02
 -0.1182342420701140E+02
  0.2043709986833805E+02
  0.8200257363609724E+02
  0.1475218268573502E+03
  0.1155672531646846E+03
 -0.2202848418908922E+03
 -0.9053664420086310E+03
 -0.5306699894387081E+03
  0.3924797065710821E+04
  0.6295367262355471E+04
 -0.2219183652484598E+04
  0.7484452205486465E+03
  0.6765389366331250E+03
  0.2156055178694110E+03
 -0.2017788848782506E+02
 -0.4378721265751623E+02
 -0.8080593308450851E+01
  0.1243113135288265E+02
  0.8600336972546865E+01
 -0.5885463052696814E+01
 -0.1535536914452065E+02
 -0.7398872725602262E+01
  0.2621082787028801E+02
  0.8253862289433317E+02
  0.1253811564247483E+03
  0.4985206910962076E+02
 -0.3155041611147349E+03
 -0.9152085922512059E+03
 -0.3683500153996216E+03
  0.3682289953006649E+04
  0.8973588962417423E+04
 -0.4775534588158344E+04
  0.3139098233787083E+03
  0.7481827752700773E+03
  0.1361561283312969E+03
 -0.7821557540391422E+02
 -0.4190577804273093E+02
  0.2006473790447133E+02
  0.4083128127074662E+02
  0.2962360404155931E+02
  0.1094828460151628E+02
  0.2649453031928976E+01
  0.1390510649287249E+02
  0.4769720286315862E+02
  0.9428867535313900E+02
  0.1096172571708084E+03
 -0.9684541215856679E+01
 -0.3869035312368080E+03
 -0.8502009598111119E+03
 -0.2038096216454385E+03
  0.3442666295769329E+04
  0.5169985036440245E+04
 -0.6389870672463355E+03
  0.3334909593535017E+04
  0.5809419802370369E+03
 -0.2611176159986512E+03
 -0.2498456846931931E+03
 -0.5683674485717673E+02
  0.4853434390859113E+02
  0.6138051550368527E+02
  0.3367026617534797E+02
  0.1060286844499890E+02
  0.1301834566239863E+02
  0.4201058549536391E+02
  0.8960896687972910E+02
  0.1364427531394882E+03
  0.1301402657299346E+03
 -0.3769281447996359E+02
 -0.4738029210669950E+03
 -0.9669016835049933E+03
 -0.1561184946133270E+03
  0.3320781585263260E+04
  0.1926264577434369E+05
 -0.1467650566615067E+05
  0.3415869295296137E+04
  0.4093098570744930E+03
 -0.7201525395987152E+03
 -0.4515429667109267E+03
 -0.8573273254707762E+02
  0.4726163394555812E+02
  0.2556175213675329E+02
 -0.4219247281550643E+02
 -0.8250633314301933E+02
 -0.6924994313854972E+02
 -0.1069146284654317E+02
  0.7057532654103071E+02
  0.1435137359743254E+03
  0.1525458801359639E+03
 -0.6279769391537457E+01
 -0.3881432867072514E+03
 -0.5091205768619442E+03
  0.1632043246353870E+03
  0.2922789749003779E+04
 -0.2592258717197961E+04
  0.6732701598448637E+04
  0.6988314371872812E+04
  0.2983449779367567E+04
 -0.7032097448564052E+03
 -0.4530456435580693E+03
 -0.5528021499471433E+02
  0.3134462460778077E+02
 -0.6653180081195711E+02
 -0.2058444687713603E+03
 -0.3029745752574064E+03
 -0.3302038074527520E+03
 -0.2965364806288931E+03
 -0.2284260019269294E+03
 -0.1554102092802511E+03
 -0.1109438793411079E+03
 -0.1804705185998370E+03
 -0.6654170004916544E+03
 -0.1610097924921924E+04
 -0.3994216932245072E+03
  0.3389719433992677E+04
  0.3776687872718017E+05
 -0.3769991032953988E+05
  0.8652395618195353E+04
  0.1549859069645100E+04
 -0.6170368012930152E+03
 -0.8341519695436263E+02
  0.1510917203872705E+03
  0.8886758753159891E+02
 -0.8680512678766742E+02
 -0.2745272637387619E+03
 -0.4434522135884532E+03
 -0.5857040831283624E+03
 -0.7027242638020231E+03
 -0.8053397966367105E+03
 -0.8996501571185461E+03
 -0.9516200593689650E+03
 -0.8181112709149460E+03
 -0.1737364492019344E+03
  0.1280935521528885E+04
  0.2050880759276467E+04
  0.9764720361485106E+03
 -0.5664497566426671E+05
  0.4769398296411713E+05
 -0.3927940031927272E+04
 -0.2440381913534934E+04
  0.4196892491380577E+03
  0.7030343280350196E+03
  0.3818925343525187E+03
  0.1820323229135488E+03
  0.1080668224750671E+03
  0.8198126791260223E+02
  0.4731016511621855E+02
 -0.1984683772819139E+02
 -0.1223766979135770E+03
 -0.2607770009067293E+03
 -0.4583621159922153E+03
 -0.8119102998462108E+03
 -0.1566241422417972E+04
 -0.3054494103778307E+04
 -0.4905233198165542E+04
 -0.3826976482879430E+04
  0.7378343759941807E+04
 -0.5664498543883266E+05
 -0.5664499521339759E+05
 -0.5062945571296128E+04
 -0.4651469181182900E+03
 -0.1830480046435247E+04
 -0.1700158722040399E+04
 -0.9160748322231358E+03
 -0.1901368611090325E+03
  0.4129976830020211E+03
  0.9569321372671151E+03
  0.1496605966502457E+04
  0.2059195062015430E+04
  0.2662596145275957E+04
  0.3343261893511942E+04
  0.4184062887594476E+04
  0.5348478436541986E+04
  0.7070560763345283E+04
  0.9347545130942797E+04
  0.1082918996549593E+05
  0.7378343759941807E+04
  0.7378343759941807E+04
 -0.6276194557578640E+01
  0.1000000000000000E+01
  0.1000000000000000E+01
  0.1000000000000000E+01
  0.1000000000000000E+01
  0.1000000000000000E+01
  0.1000000000000000E+01
  0.1000000000000000E+01
  0.1000000000000000E+01
  0.1000000000000000E+01
  0.1000000000000000E+01
  0.1000000000000000E+01
  0.1000000000000000E+01
  0.1000000000000000E+01
  0.1000000000000000E+01
  0.1000000000000000E+01
  0.1000000000000000E+01
  0.1000000000000000E+01
  0.1000000000000000E+01
  0.1000000000000000E+01
  0.6930365862705886E+01
 -0.1355238911515728E+02
 -0.1138049616286513E+02
 -0.4864817305988662E+01
 -0.2610101504429937E+01
 -0.1559228955948294E+01
 -0.9732866334402686E+00
 -0.5383759893653520E+00
 -0.1575244469840084E+00
  0.1717948306756285E+00
  0.4410901765941604E+00
  0.6547271528714954E+00
  0.8321157827518553E+00
  0.1018033702940637E+01
  0.1305181107079141E+01
  0.1879937943238991E+01
  0.3120493494820423E+01
  0.5576922427345983E+01
  0.9653630330252359E+01
  0.1617006572047412E+02
  0.1368806522417736E+02
  0.1286073172541177E+02
 -0.1241302157903107E+02
 -0.1053556764645432E+02
 -0.4903205848724087E+01
 -0.3407507936282284E+01
 -0.2571495148318917E+01
 -0.1890721180999781E+01
 -0.1286982564790502E+01
 -0.7447206379855141E+00
 -0.2743874765131900E+00
  0.1184332742948064E+00
  0.4418296097962669E+00
  0.7192815300061670E+00
  0.1001335297392590E+01
  0.1376942604915584E+01
  0.1987251011950041E+01
  0.3065292735569215E+01
  0.4375873951362743E+01
  0.1549828298224918E+01
 -0.5625209109893423E+01
  0.5288306264957771E+01
  0.8926144723241501E+01
 -0.2868038122263795E+02
 -0.2334685734827729E+02
 -0.7346285725195316E+01
 -0.3267639364500933E+01
 -0.2227473499349810E+01
 -0.1675976447003224E+01
 -0.1151894017211303E+01
 -0.6625732190214226E+00
 -0.2389763790409265E+00
  0.1193551716480838E+00
  0.4288266779072745E+00
  0.7136672958988490E+00
  0.1012924019791034E+01
  0.1386780850731227E+01
  0.1921616641686076E+01
  0.2737539568331752E+01
  0.3646519268601715E+01
  0.2861380007127876E+01
  0.8974078393012952E+01
  0.5314145295339817E+02
  0.6786391114019325E+02
 -0.1294479311076647E+02
 -0.1178210031058858E+02
 -0.8294021910054912E+01
 -0.3793740869114611E+01
 -0.1975146373324842E+01
 -0.1298273879764078E+01
 -0.8181619024475483E+00
 -0.4104851716396112E+00
 -0.6599573710569388E-01
  0.2296491015042730E+00
  0.4971286035596038E+00
  0.7599867924101400E+00
  0.1049841678474984E+01
  0.1411592836020369E+01
  0.1898655634913368E+01
  0.2539818475774853E+01
  0.3231181865225867E+01
  0.3874136400629196E+01
  0.3130609246313559E+01
  0.2041851976769909E+02
  0.2618115660816093E+02
 -0.1460630587848468E+02
 -0.1312598685898485E+02
 -0.8685029800485358E+01
 -0.4237098804496441E+01
 -0.2047772085654976E+01
 -0.1146963890762128E+01
 -0.6399795679783392E+00
 -0.2654025790867311E+00
  0.3890053912097330E-01
  0.3014469548781726E+00
  0.5452332266899498E+00
  0.7938065013092179E+00
  0.1077239950850094E+01
  0.1436008282117389E+01
  0.1911278281911179E+01
  0.2510641025293805E+01
  0.3220486994700993E+01
  0.4437955318911625E+01
  0.8951447838204231E+01
  0.2821450191377471E+02
  0.3463551993896487E+02
 -0.1339188688389219E+02
 -0.1222545054216001E+02
 -0.8726141516963491E+01
 -0.4538407012688232E+01
 -0.2219097188773934E+01
 -0.1171987524803711E+01
 -0.6141101876069917E+00
 -0.2366943922583522E+00
  0.5933085709137717E-01
  0.3139518261712549E+00
  0.5524801813318966E+00
  0.7990206107708679E+00
  0.1083274064962916E+01
  0.1443039450510399E+01
  0.1916159343922337E+01
  0.2525901485895566E+01
  0.3338390908363628E+01
  0.4773791630316121E+01
  0.8115305890927287E+01
  0.2082180622522046E+02
  0.2505730633665152E+02
 -0.1398977068820046E+02
 -0.1270535608762353E+02
 -0.8852112285892753E+01
 -0.4652399217858124E+01
 -0.2311469434595124E+01
 -0.1220879565163492E+01
 -0.6368283698084874E+00
 -0.2516955013636474E+00
  0.4566250526399856E-01
  0.3011074296341726E+00
  0.5416056184406913E+00
  0.7913744453049077E+00
  0.1078668780164099E+01
  0.1437526865655233E+01
  0.1903774558037696E+01
  0.2518774812127017E+01
  0.3412321237084198E+01
  0.5131867795276386E+01
  0.9544630105952468E+01
  0.1894392746587530E+02
  0.2207702658584958E+02
 -0.1465005787358936E+02
 -0.1321781859375094E+02
 -0.8921100754235692E+01
 -0.4668311580196947E+01
 -0.2332854264795746E+01
 -0.1237468494638078E+01
 -0.6493263170833266E+00
 -0.2633680322284449E+00
  0.3385158546819858E-01
  0.2899545364724476E+00
  0.5324318281299831E+00
  0.7849788166684797E+00
  0.1073876743094926E+01
  0.1430017318744645E+01
  0.1889781085323504E+01
  0.2511847326172709E+01
  0.3465071345505788E+01
  0.5278149004166376E+01
  0.9281756802722313E+01
  0.1692241350695748E+02
  0.1946929907503587E+02
 -0.1568951443761779E+02
 -0.1402674284014175E+02
 -0.9038428047713644E+01
 -0.4636427304355775E+01
 -0.2321658991081583E+01
 -0.1235530418999245E+01
 -0.6496906579662693E+00
 -0.2650815714057419E+00
  0.3096360730604838E-01
  0.2865000634268907E+00
  0.5292725480794116E+00
  0.7825116764040813E+00
  0.1071059727736714E+01
  0.1424414322092358E+01
  0.1882241610339580E+01
  0.2519865465625953E+01
  0.3536299054895440E+01
  0.5459922989595676E+01
  0.9367821332020803E+01
  0.1538068487674256E+02
  0.1738497272498314E+02
 -0.1701060386943680E+02
 -0.1503834721748602E+02
 -0.9121577261633664E+01
 -0.4550975478242005E+01
 -0.2292231238424490E+01
 -0.1231678219966951E+01
 -0.6497358860151722E+00
 -0.2642227980888270E+00
  0.3221180521077804E-01
  0.2872233681194272E+00
  0.5291846514946692E+00
  0.7815216222879268E+00
  0.1068635076768787E+01
  0.1420195869903835E+01
  0.1880276169896351E+01
  0.2536834066416049E+01
  0.3600595495331534E+01
  0.5552452765505046E+01
  0.9186601119582351E+01
  0.1414161305711598E+02
  0.1579328370296052E+02
 -0.1870583461267724E+02
 -0.1633811022249753E+02
 -0.9234937051958390E+01
 -0.4443031954811642E+01
 -0.2254702594998522E+01
 -0.1232010882058363E+01
 -0.6544539005049218E+00
 -0.2649565897964953E+00
  0.3396066512374163E-01
  0.2888797414999872E+00
  0.5294178019765601E+00
  0.7800184397246435E+00
  0.1065567559936658E+01
  0.1416918826796074E+01
  0.1882656616745642E+01
  0.2559889871523471E+01
  0.3662843684353978E+01
  0.5623955886030589E+01
  0.9002610858636583E+01
  0.1313235082374339E+02
  0.1450893081211232E+02
 -0.2097376447717674E+02
 -0.1797771913708178E+02
 -0.8989583116796938E+01
 -0.4225262817928919E+01
 -0.2203839926099783E+01
 -0.1238510823654515E+01
 -0.6644623306120252E+00
 -0.2677579593283317E+00
  0.3508707627400454E-01
  0.2898683752572530E+00
  0.5284003387828388E+00
  0.7769203009541878E+00
  0.1061452221109411E+01
  0.1414520801644758E+01
  0.1888686374339342E+01
  0.2586640739524616E+01
  0.3718032981026630E+01
  0.5660297488786250E+01
  0.8786588073589098E+01
  0.1228455074710361E+02
  0.1345053830494179E+02
 -0.2386198262269028E+02
 -0.2022500023723578E+02
 -0.9314053080872286E+01
 -0.4076832812686805E+01
 -0.2172126480078027E+01
 -0.1256994931190378E+01
 -0.6794747144950221E+00
 -0.2719618956583058E+00
  0.3527721685326797E-01
  0.2891742163253510E+00
  0.5249227298542808E+00
  0.7710920011094795E+00
  0.1055194397984818E+01
  0.1411599821464760E+01
  0.1896179323088466E+01
  0.2614562427925341E+01
  0.3767118815230965E+01
  0.5676413693959121E+01
  0.8569921730543973E+01
  0.1156996136626217E+02
  0.1256997457816824E+02
 -0.2678158050532071E+02
 -0.2194624925057223E+02
 -0.7440255486326771E+01
 -0.3657079128782025E+01
 -0.2109179009559152E+01
 -0.1272353356970394E+01
 -0.6915727657111755E+00
 -0.2733252140771796E+00
  0.3693992170341719E-01
  0.2886884792997634E+00
  0.5207756014585674E+00
  0.7638942386466432E+00
  0.1046954912662199E+01
  0.1406128436003854E+01
  0.1900089005635779E+01
  0.2636178623622854E+01
  0.3803837633870452E+01
  0.5668958810886687E+01
  0.8331819579059783E+01
  0.1093680026787364E+02
  0.1180512716414493E+02
 -0.3773683662523770E+02
 -0.3046449085223345E+02
 -0.8647453533220723E+01
 -0.3323540011909223E+01
 -0.2016767951926719E+01
 -0.1266798169660567E+01
 -0.6865869936008601E+00
 -0.2621082788760206E+00
  0.4853024163770425E-01
  0.2975603737942848E+00
  0.5263439506552187E+00
  0.7664348295585761E+00
  0.1047188685745390E+01
  0.1405807011023100E+01
  0.1902667638915640E+01
  0.2646238838189555E+01
  0.3820187464040392E+01
  0.5654599250730985E+01
  0.8166064273531694E+01
  0.1043801371038577E+02
  0.1119533018933712E+02
 -0.2729311518757349E+02
 -0.2096444348458285E+02
 -0.1978428375610928E+01
 -0.2684942383202260E+01
 -0.2050739578484392E+01
 -0.1291306822646578E+01
 -0.6688447468793619E+00
 -0.2328373091020896E+00
  0.7822636783015938E-01
  0.3264218531764674E+00
  0.5564965078828942E+00
  0.7997839640740586E+00
  0.1084212353211808E+01
  0.1445885799650614E+01
  0.1943129668777970E+01
  0.2678398272340970E+01
  0.3822854650530217E+01
  0.5564225033316047E+01
  0.7806346332739793E+01
  0.9859033917466085E+01
  0.1054326311237485E+02
 -0.7180302697020774E+02
 -0.5604856334447703E+02
 -0.8785172467284932E+01
 -0.2013502475214612E+01
 -0.2459230478162665E+01
 -0.1436155307636764E+01
 -0.6693805039817100E+00
 -0.2002286681000860E+00
  0.1131432056857688E+00
  0.3611856387654857E+00
  0.5996657697225701E+00
  0.8616118647228276E+00
  0.1172808729723963E+01
  0.1566640888010586E+01
  0.2094378489671256E+01
  0.2837238475229634E+01
  0.3936838171316015E+01
  0.5631561995381487E+01
  0.7958659067839521E+01
  0.9758407967019686E+01
  0.1035832426674641E+02
 -0.7379485844697772E+01
 -0.3709689354995944E+01
  0.7299700114109540E+01
 -0.1164312201290970E+01
 -0.3213430441001273E+01
 -0.1685781115764367E+01
 -0.7026922717413431E+00
 -0.1886637310131547E+00
  0.1130430223293652E+00
  0.3420719940255246E+00
  0.5747396360040457E+00
  0.8504201002506577E+00
  0.1196683226354597E+01
  0.1648066231909685E+01
  0.2252228991253128E+01
  0.3062032136449415E+01
  0.4110447026253312E+01
  0.5373292672860175E+01
  0.6756120805887399E+01
  0.8498950033648716E+01
  0.9079893109569154E+01
 -0.1291497754008901E+02
 -0.1397368052682571E+02
 -0.1714978948703580E+02
 -0.8951548067117065E+01
 -0.4241957072321609E+01
 -0.1737700831254936E+01
 -0.6305681993616030E+00
 -0.1641355012914442E+00
  0.5739649951737604E-01
  0.2066057627423483E+00
  0.3600994124397378E+00
  0.5546588897681907E+00
  0.8172189032569963E+00
  0.1182691287822760E+01
  0.1707588655072568E+01
  0.2491797594884916E+01
  0.3716855603679485E+01
  0.5658077410609885E+01
  0.8481706092402023E+01
  0.1149851278470543E+02
  0.1250411501547323E+02
 -0.6457488770044506E+01
  0.0000000000000000E+00
  0.0000000000000000E+00
  0.0000000000000000E+00
  0.0000000000000000E+00
  0.0000000000000000E+00
  0.0000000000000000E+00
  0.0000000000000000E+00
  0.0000000000000000E+00
  0.0000000000000000E+00
  0.0000000000000000E+00
  0.0000000000000000E+00
  0.0000000000000000E+00
  0.0000000000000000E+00
  0.0000000000000000E+00
  0.0000000000000000E+00
  0.0000000000000000E+00
  0.0000000000000000E+00
  0.0000000000000000E+00
  0.0000000000000000E+00
  0.6252057507736615E+01
