  0.3896351557369782E-19
 -0.2964615315390051E-18
 -0.1321371397716709E-18
 -0.1558540622947913E-18
  0.8809142651444724E-19
  0.4404571325722362E-19
 -0.5421010862427522E-19
  0.8300922883092143E-19
  0.2185345003916095E-18
 -0.5607358110823468E-18
  0.5759824041329242E-18
 -0.6776263578034403E-18
  0.4963613070910200E-18
 -0.4658681209898652E-18
  0.8131516293641283E-19
  0.9486769009248164E-19
 -0.4065758146820642E-19
  0.2236166980751353E-18
  0.7962109704190423E-19
 -0.1253608761936365E-18
  0.1846531825014375E-18
  0.3066259269060567E-18
  0.4554047087608729E+01
  0.6980478266463812E+01
  0.6516915337861571E+01
  0.5239533461304592E+01
  0.4118769375377824E+01
  0.3295734852300524E+01
  0.2677394644719711E+01
  0.2167840227977854E+01
  0.1707727056677704E+01
  0.1266885181727330E+01
  0.8316035441951679E+00
  0.3891940578634804E+00
 -0.8259886696635078E-01
 -0.6042718931221075E+00
 -0.1123866081757272E+01
 -0.1350528715126841E+01
 -0.1404449784321105E+01
 -0.5855761361995795E+01
 -0.2733164455681503E+02
  0.6352747104407253E-18
 -0.1677125235563515E-18
  0.1668258851986802E+01
  0.4587857745677191E+01
  0.6211407122735676E+01
  0.6406840818513099E+01
  0.5910030171371817E+01
  0.5240867628514144E+01
  0.4594059018376473E+01
  0.3980295900569216E+01
  0.3346564589691785E+01
  0.2646484868790409E+01
  0.1875287829438227E+01
  0.1077938433215329E+01
  0.3397626231148014E+00
 -0.2558926527641096E+00
 -0.7830801477252833E+00
 -0.1824575901513741E+01
 -0.4512453438266433E+01
 -0.4506788011148184E+01
  0.1576409770656785E+02
 -0.1016439536705160E-18
 -0.7962109704190423E-19
  0.2658340627272754E+01
  0.5462886035193212E+01
  0.6296178942584165E+01
  0.6088888369797221E+01
  0.5592682659847298E+01
  0.5091221321495334E+01
  0.4652499669376087E+01
  0.4230201673069171E+01
  0.3736783451419751E+01
  0.3105591883263653E+01
  0.2339052670848818E+01
  0.1531794222245703E+01
  0.8445220939017379E+00
  0.3793877797507823E+00
 -0.1187574161623755E+00
 -0.1692227551406982E+01
 -0.5513784584953701E+01
 -0.6289034582563980E+01
  0.6450766388723035E+00
  0.2574980159653073E-18
  0.9385125055577648E-18
  0.2503659785774274E+01
  0.5062040341756673E+01
  0.5874026487408990E+01
  0.5501892168838277E+01
  0.4887884122814652E+01
  0.4407032044921775E+01
  0.4076983674570632E+01
  0.3795274184955381E+01
  0.3448570281887801E+01
  0.2965525957365418E+01
  0.2353511113317130E+01
  0.1713895233210131E+01
  0.1199528689593507E+01
  0.8762230526626988E+00
  0.4904647036722723E+00
 -0.6643266513114096E+00
 -0.2723059187536018E+01
 -0.1630439379590007E+01
  0.9936989447186290E+01
 -0.5082197683525802E-20
 -0.4387630666777276E-18
  0.2702268805803716E+01
  0.5131149098116749E+01
  0.5619173164666561E+01
  0.5048675097971761E+01
  0.4348278336441279E+01
  0.3863500858403777E+01
  0.3575379178494214E+01
  0.3356984543256497E+01
  0.3094680868615229E+01
  0.2730400265177374E+01
  0.2278239006062477E+01
  0.1820679079693526E+01
  0.1458224663164300E+01
  0.1197363222970781E+01
  0.8226357477567258E+00
 -0.5300104092087725E-01
 -0.1266474321690077E+01
 -0.8543394131552001E+00
  0.4042075199893712E+01
  0.6945670167485263E-19
  0.3557538378468061E-18
  0.2783968092942763E+01
  0.5008981729036203E+01
  0.5268310097487218E+01
  0.4590529953662071E+01
  0.3887692876143616E+01
  0.3448064623626328E+01
  0.3216161618525998E+01
  0.3055276539600611E+01
  0.2862450787142425E+01
  0.2597157137652386E+01
  0.2279134286669810E+01
  0.1967966436252734E+01
  0.1712539375366743E+01
  0.1472830349772503E+01
  0.1077394386281644E+01
  0.3977781161214120E+00
 -0.1112736622592342E-01
  0.1650346884095780E+01
  0.5488181021484378E+01
  0.2879912020664621E-19
  0.1084202172485504E-18
  0.2915096046411954E+01
  0.4905986841076370E+01
  0.4871545377513255E+01
  0.4084715020203316E+01
  0.3415901345890649E+01
  0.3059850007400586E+01
  0.2911610990205244E+01
  0.2826278031511148E+01
  0.2712689516536315E+01
  0.2544291973534253E+01
  0.2343194329332634E+01
  0.2151494097414177E+01
  0.1986863822398466E+01
  0.1794863371158985E+01
  0.1459763611412133E+01
  0.9965820628331788E+00
  0.9448021186524923E+00
  0.2283349222873020E+01
  0.4321477325767408E+01
  0.1643243917673343E-18
  0.2744386749103933E-18
  0.3049551993627410E+01
  0.4745188570198864E+01
  0.4406492735923918E+01
  0.3530084958116679E+01
  0.2921938870626030E+01
  0.2669907903449567E+01
  0.2617559723598159E+01
  0.2615757414967713E+01
  0.2586467991267811E+01
  0.2513792842707072E+01
  0.2419647525946693E+01
  0.2334746892169638E+01
  0.2263806252113569E+01
  0.2159951337652208E+01
  0.1959050662134055E+01
  0.1747346080659695E+01
  0.2002893047033295E+01
  0.3291588823870177E+01
  0.3966422975417286E+01
 -0.3557538378468061E-19
 -0.1236668102991278E-18
  0.3211245949944901E+01
  0.4534181161859566E+01
  0.3870302039665967E+01
  0.2936005084393277E+01
  0.2420194787703386E+01
  0.2286102875087118E+01
  0.2330634276725662E+01
  0.2409507674622595E+01
  0.2461623553820561E+01
  0.2480214874745215E+01
  0.2485626422829522E+01
  0.2501933416549737E+01
  0.2532659173728984E+01
  0.2546922579083065E+01
  0.2511466311163030E+01
  0.2506739502444876E+01
  0.2848097862702654E+01
  0.3734936735102033E+01
  0.3591879933812724E+01
 -0.5929230630780102E-19
  0.2879912020664621E-18
  0.3403061811091025E+01
  0.4250023659430126E+01
  0.3253108886230763E+01
  0.2308679991609047E+01
  0.1923688743422284E+01
  0.1918763852473431E+01
  0.2055302971428756E+01
  0.2207293301006395E+01
  0.2335373225044652E+01
  0.2440476088456452E+01
  0.2540117604064424E+01
  0.2655386486775892E+01
  0.2796613604758209E+01
  0.2952145627081907E+01
  0.3102191823959854E+01
  0.3281686436168130E+01
  0.3636789431881081E+01
  0.4116628081487146E+01
  0.3269124969418752E+01
 -0.3540597719522975E-18
 -0.4065758146820642E-19
  0.3625774426438734E+01
  0.3839401567257117E+01
  0.2524895131269631E+01
  0.1649452126688804E+01
  0.1442231643792476E+01
  0.1572732370597468E+01
  0.1790345220982219E+01
  0.2005316551378003E+01
  0.2204132329155547E+01
  0.2392433157102169E+01
  0.2582704813894978E+01
  0.2795565976193235E+01
  0.3054224943534643E+01
  0.3368363157509838E+01
  0.3716894333917773E+01
  0.4052692553012279E+01
  0.4330176940981422E+01
  0.4339457163314642E+01
  0.2944097339705586E+01
 -0.5929230630780102E-19
  0.5759824041329242E-19
  0.3920336610944585E+01
  0.3361914639416849E+01
  0.1718233525072837E+01
  0.9824115446094130E+00
  0.9898230692146327E+00
  0.1248722929466300E+01
  0.1527857467113081E+01
  0.1793327930663484E+01
  0.2058668841286091E+01
  0.2328447933093619E+01
  0.2606080743197517E+01
  0.2912318847850971E+01
  0.3287909372634906E+01
  0.3769247149644959E+01
  0.4331029095138426E+01
  0.4819043938163323E+01
  0.4962898516443169E+01
  0.4441371050971151E+01
  0.2578810474952873E+01
  0.3625301014248405E-18
  0.3726944967918921E-19
  0.4261514565137799E+01
  0.2413872283946639E+01
  0.7105795293350454E+00
  0.3097266922871639E+00
  0.5846470340829754E+00
  0.9500994343723149E+00
  0.1261474714162257E+01
  0.1565063975644761E+01
  0.1897781077949860E+01
  0.2252946343031179E+01
  0.2617708419571434E+01
  0.3010006674952826E+01
  0.3488859811832008E+01
  0.4124459718184032E+01
  0.4903373315374340E+01
  0.5567754282403340E+01
  0.5569008831514436E+01
  0.4466356062942491E+01
  0.2175494045299328E+01
  0.3557538378468061E-19
 -0.4404571325722362E-19
  0.5215117876401155E+01
  0.1682686540303557E+01
 -0.2615186879888205E+00
 -0.2436314636425752E+00
  0.2919155620015272E+00
  0.6996168496974468E+00
  0.1001516405162721E+01
  0.1339215810368184E+01
  0.1757514119852104E+01
  0.2221077624275698E+01
  0.2689743210058959E+01
  0.3172404272553415E+01
  0.3739918735934969E+01
  0.4491227681012995E+01
  0.5441950554188939E+01
  0.6286257864580733E+01
  0.6173331339880153E+01
  0.4354889202165559E+01
  0.1466861479098387E+01
 -0.3269547176401599E-18
  0.8470329472543003E-19
  0.4038709915899062E+01
 -0.6544621570889353E+00
 -0.1482452730309997E+01
 -0.6545918289091734E+00
  0.1314299197244833E+00
  0.5007406437726277E+00
  0.7649880331310510E+00
  0.1161371338063304E+01
  0.1715903122323486E+01
  0.2343635225823259E+01
  0.2967223235583424E+01
  0.3582793820972602E+01
  0.4264190407218849E+01
  0.5113761277048883E+01
  0.6146595265784080E+01
  0.7061563354040268E+01
  0.6872089962009080E+01
  0.4307867901647930E+01
  0.9663565695892915E+00
  0.4065758146820642E-19
 -0.1321371397716709E-18
  0.9570305355825363E+01
 -0.1762860749126417E+01
 -0.3130878648974753E+01
 -0.1332584446678696E+01
 -0.1423620422473731E+00
  0.2413767729965793E+00
  0.5230422524915272E+00
  0.1045381694876706E+01
  0.1803345383537538E+01
  0.2659732388876338E+01
  0.3506455854913120E+01
  0.4331837511276436E+01
  0.5208773417501093E+01
  0.6222521253134318E+01
  0.7335885307170846E+01
  0.8195775326739957E+01
  0.7915071333892131E+01
  0.4538383446974378E+01
 -0.1726763671040776E+01
 -0.6268043809681823E-19
 -0.8470329472543003E-19
  0.9137568141708364E+00
 -0.6149035119756418E+01
 -0.6446889660167413E+01
 -0.2572203235530526E+01
 -0.7560905391788320E+00
 -0.2227405127213068E+00
  0.1923902771047588E+00
  0.8927064265309685E+00
  0.1845292706168411E+01
  0.2901359259177305E+01
  0.3959392847841201E+01
  0.5009501159684063E+01
  0.6114966077617308E+01
  0.7351443373435198E+01
  0.8679217137085081E+01
  0.9694546176425265E+01
  0.9276819363362392E+01
  0.5378619218835598E+01
  0.9483531257158584E-01
  0.6437450399132683E-19
  0.6437450399132683E-19
  0.1546347610818682E+02
 -0.5045159417289028E+01
 -0.5650467739142238E+01
 -0.2611325444502549E+01
 -0.1344510748703802E+01
 -0.7963339726948304E+00
 -0.2199535599956357E+00
  0.5593525602915401E+00
  0.1487909142764148E+01
  0.2485501816871439E+01
  0.3509269480885668E+01
  0.4553079783386401E+01
  0.5641795248009672E+01
  0.6842731745713665E+01
  0.8280830069527648E+01
  0.1001881237042268E+02
  0.1137031155636774E+02
  0.8593717778489854E+01
 -0.7982839646435195E+01
  0.2371692252312041E-19
 -0.4573977915173222E-19
 -0.2622857730790198E+02
 -0.6193315077205928E+01
 -0.1549988130185153E+01
 -0.1491189369072179E+01
 -0.1422802898966388E+01
 -0.9433986107188268E+00
 -0.3913639768665014E+00
  0.1345831530990725E+00
  0.6410430327279264E+00
  0.1154289925941048E+01
  0.1693386930317814E+01
  0.2257282047281548E+01
  0.2821413761231927E+01
  0.3364308772769160E+01
  0.3975422585163272E+01
  0.5036633250712530E+01
  0.7355183273668126E+01
  0.1210415180062008E+02
  0.1906211959502953E+02
  0.5590417451878382E-19
  0.2879912020664621E-19
 -0.2202285662861181E-19
 -0.9825582188149884E-19
 -0.8470329472543003E-20
  0.3388131789017201E-19
  0.5082197683525802E-19
 -0.3896351557369782E-19
 -0.7962109704190423E-19
 -0.8809142651444724E-19
  0.8300922883092143E-19
  0.5082197683525802E-20
  0.1626303258728257E-18
  0.6776263578034403E-19
  0.1863472483959461E-19
 -0.6437450399132683E-19
 -0.2032879073410321E-19
  0.3388131789017201E-19
 -0.3388131789017201E-19
 -0.4912791094074942E-19
  0.7284483346386983E-19
  0.2371692252312041E-19
  0.7378346531635470E+04
  0.7378346531635470E+04
  0.1082919217596303E+05
  0.9347546627043726E+04
  0.7070561605539524E+04
  0.5348478894363168E+04
  0.4184063250183910E+04
  0.3343262370071468E+04
  0.2662596856210814E+04
  0.2059196052107188E+04
  0.1496607224919632E+04
  0.9569336460656832E+03
  0.4129994813297877E+03
 -0.1901346858374812E+03
 -0.9160722386455882E+03
 -0.1700155961651101E+04
 -0.1830479022182733E+04
 -0.4651508517018214E+03
 -0.5062946102647176E+04
 -0.5664495469439340E+05
 -0.5664496446895573E+05
  0.7378346531635470E+04
 -0.3826980378740818E+04
 -0.4905237011695645E+04
 -0.3054496909345782E+04
 -0.1566243278708660E+04
 -0.8119115824168949E+03
 -0.4583630905758825E+03
 -0.2607777843178120E+03
 -0.1223773203307869E+03
 -0.1984729033404278E+02
  0.4730989569163985E+02
  0.8198115445611727E+02
  0.1080667483754496E+03
  0.1820320968636517E+03
  0.3818919770190113E+03
  0.7030334074699135E+03
  0.4196892246583847E+03
 -0.2440377678512935E+04
 -0.3927934644658883E+04
  0.4769396440734209E+05
 -0.5664497424351684E+05
  0.9764685827608372E+03
  0.2050883959923481E+04
  0.1280937912530768E+04
 -0.1737352401800115E+03
 -0.8181106639672912E+03
 -0.9516197326461207E+03
 -0.8996499951265533E+03
 -0.8053397775775408E+03
 -0.7027243980761244E+03
 -0.5857043849411933E+03
 -0.4434526758720333E+03
 -0.2745278524724905E+03
 -0.8680578806501185E+02
  0.8886700935126235E+02
  0.1510915746228994E+03
 -0.8341459285283850E+02
 -0.6170358560895795E+03
  0.1549855800933755E+04
  0.8652395379800560E+04
 -0.3769989757860049E+05
  0.3776687674877952E+05
  0.3389720218933115E+04
 -0.3994231225509541E+03
 -0.1610099796325886E+04
 -0.6654173169202336E+03
 -0.1804701501973285E+03
 -0.1109434015920577E+03
 -0.1554097620598227E+03
 -0.2284256297544000E+03
 -0.2965362264630870E+03
 -0.3302037402959722E+03
 -0.3029747630789292E+03
 -0.2058449130077699E+03
 -0.6653237256709296E+02
  0.3134421074213756E+02
 -0.5528011647009440E+02
 -0.4530448417166227E+03
 -0.7032094197020530E+03
  0.2983442705224766E+04
  0.6988314388108108E+04
  0.6732698205630333E+04
 -0.2592256697843191E+04
  0.2922789529476002E+04
  0.1632042478305541E+03
 -0.5091203063290463E+03
 -0.3881432046931118E+03
 -0.6279601188462691E+01
  0.1525460882005686E+03
  0.1435139402332749E+03
  0.7057552216723420E+02
 -0.1069129218918247E+02
 -0.6924985394611258E+02
 -0.8250640314771887E+02
 -0.4219273230348124E+02
  0.2556139275467158E+02
  0.4726138178951787E+02
 -0.8573263420735371E+02
 -0.4515423276703216E+03
 -0.7201518461398509E+03
  0.4093092846373573E+03
  0.3415867590754602E+04
 -0.1467649769443394E+05
  0.1926264293595766E+05
  0.3320782117273654E+04
 -0.1561192938997141E+03
 -0.9669022778852619E+03
 -0.4738029474322578E+03
 -0.3769270711319347E+02
  0.1301403544536959E+03
  0.1364428113132460E+03
  0.8960901539010207E+02
  0.4201062951784203E+02
  0.1301835861199012E+02
  0.1060280384193877E+02
  0.3367009973041424E+02
  0.6138029249121406E+02
  0.4853417928741903E+02
 -0.5683671678045487E+02
 -0.2498453608895752E+03
 -0.2611169792835317E+03
  0.5809432725081112E+03
  0.3334906077721201E+04
 -0.6389878785804299E+03
  0.5169986925725438E+04
  0.3442666767035686E+04
 -0.2038103101336501E+03
 -0.8502011924560368E+03
 -0.3869034032561432E+03
 -0.9684374059623511E+01
  0.1096173592616272E+03
  0.9428872746897373E+02
  0.4769723650543254E+02
  0.1390513124354957E+02
  0.2649452973564108E+01
  0.1094823185081110E+02
  0.2962348401188820E+02
  0.4083112006111732E+02
  0.2006460636019170E+02
 -0.4190580663740209E+02
 -0.7821550936370868E+02
  0.1361561639751321E+03
  0.7481825597412824E+03
  0.3139091517605124E+03
 -0.4775529728150364E+04
  0.8973585819038331E+04
  0.3682290597553786E+04
 -0.3683508922227959E+03
 -0.9152089118645625E+03
 -0.3155039950098244E+03
  0.4985226251033807E+02
  0.1253812677525027E+03
  0.8253868359042573E+02
  0.2621087810594667E+02
 -0.7398823396988272E+01
 -0.1535533950445452E+02
 -0.5885481866218583E+01
  0.8600253385495588E+01
  0.1243099951847497E+02
 -0.8080719248855567E+01
 -0.4378727509754845E+02
 -0.2017789827108182E+02
  0.2156054603739561E+03
  0.6765386420667593E+03
  0.7484436337283913E+03
 -0.2219182367181192E+04
  0.6295366910926108E+04
  0.3924797756975589E+04
 -0.5306709473663429E+03
 -0.9053666676419222E+03
 -0.2202846226180158E+03
  0.1155674456366336E+03
  0.1475219158006612E+03
  0.8200261659720211E+02
  0.2043714931868719E+02
 -0.1182335794200320E+02
 -0.1870991575220079E+02
 -0.1085834126862855E+02
 -0.3536632659706241E+00
  0.2730012858849035E+00
 -0.1628955550890504E+02
 -0.3566211150323451E+02
  0.2237073825376369E+01
  0.1824158224880130E+03
  0.3861546434568979E+03
 -0.4402672799337832E+03
 -0.1864298271727114E+04
  0.5691859401521892E+04
  0.4225132780655430E+04
 -0.7432755111293038E+03
 -0.8834699635526454E+03
 -0.1056465879137788E+03
  0.1784477342180379E+03
  0.1604337488247493E+03
  0.7625818050705359E+02
  0.1579135818054496E+02
 -0.1078120187042413E+02
 -0.1484918367733882E+02
 -0.7891872481600960E+01
  0.4282499988577526E+00
  0.1483369543947779E+01
 -0.8310609205371669E+01
 -0.1625649946982911E+02
  0.1976931375770391E+02
  0.1494014280265920E+03
  0.2612514054344895E+03
 -0.3884878139152048E+03
 -0.1358813981629317E+04
  0.4989665352048055E+04
  0.4588714678264942E+04
 -0.1010081253317368E+04
 -0.8313715733570878E+03
  0.2081343812106111E+02
  0.2331331244050776E+03
  0.1598808621157200E+03
  0.6149320132178815E+02
  0.7664298908244557E+01
 -0.1059721926286786E+02
 -0.1155155137916737E+02
 -0.5442136360036608E+01
  0.2077654887980468E+01
  0.6160431914310641E+01
  0.3993945203556090E+01
  0.1014986963746284E+01
  0.1800303618981645E+02
  0.7460876721947078E+02
  0.5603182738711158E+02
 -0.6109132619525035E+03
 -0.9695577801727467E+03
  0.4407731074737188E+04
  0.5018988705441402E+04
 -0.1336119046765433E+04
 -0.6253291114649609E+03
  0.2073513994398560E+03
  0.2835499803704117E+03
  0.1439053342840945E+03
  0.3820350299666314E+02
 -0.2661215070426564E+01
 -0.1123832472256850E+02
 -0.1039086699052068E+02
 -0.6261817742324107E+01
  0.7726246478977776E+00
  0.8915549574132246E+01
  0.1335396733824361E+02
  0.8625419403131165E+01
 -0.4815848929593652E+01
 -0.1930136271541048E+02
 -0.1006437367441520E+03
 -0.6435013321425130E+03
 -0.6355986815121133E+03
  0.3850718148896999E+04
  0.5590832329070704E+04
 -0.1772857072278724E+04
 -0.6120165255543255E+03
  0.3427017274974807E+03
  0.3018462522976338E+03
  0.1092376961021611E+03
  0.1102338351608394E+02
 -0.9160886043282163E+01
 -0.7094881354973287E+01
 -0.5597589785600486E+01
 -0.3733703988476614E+01
  0.3919886905866414E+01
  0.1761291809274717E+02
  0.2820691611529420E+02
  0.1528721363335677E+02
 -0.4399187141981079E+02
 -0.1430402503773647E+03
 -0.2646752968573054E+03
 -0.6070822751620121E+03
 -0.3017117765424601E+03
  0.3245430210498963E+04
  0.6213163590850415E+04
 -0.2198692530177384E+04
  0.3980040297331668E+03
  0.6120548235194102E+03
  0.3200557490225727E+03
  0.6801660710686156E+02
 -0.8094843295329875E+01
 -0.4549232929581560E+00
  0.1317401043305342E+02
  0.1603364001622152E+02
  0.1841070821318499E+02
  0.3137857994155897E+02
  0.5681650741922294E+02
  0.8085420531328980E+02
  0.6386195952583240E+02
 -0.5602195722618031E+02
 -0.2842461728039412E+03
 -0.4565406839881571E+03
 -0.5848077507282983E+03
 -0.7597926341706487E+02
  0.2648583964301223E+04
  0.8433653297191766E+04
 -0.4351024064035056E+04
  0.1697178015906601E+03
  0.7423880770686093E+03
  0.2518088301246436E+03
 -0.1164650053409093E+02
 -0.2181140955291041E+02
  0.2844709270292723E+02
  0.5517002162120068E+02
  0.5931736914900814E+02
  0.6456548203628515E+02
  0.8866848983441650E+02
  0.1352893644043542E+03
  0.1881137961069120E+03
  0.1932450997413827E+03
  0.3806894215124624E+02
 -0.3707605067745642E+03
 -0.6956909296706234E+03
 -0.4642898513416305E+03
  0.6517175408415551E+03
  0.1434376001219741E+04
  0.5251227460271833E+04
 -0.8095514112569549E+03
  0.2775826974551055E+04
  0.5096704163580282E+03
 -0.1714703863364005E+03
 -0.2355216472246566E+03
 -0.6266639307805720E+02
  0.5954167191434767E+02
  0.9544639767617599E+02
  0.8747948686548636E+02
  0.8354658505355802E+02
  0.1123820251949764E+03
  0.1775317690507669E+03
  0.2584962322753126E+03
  0.3015538851742870E+03
  0.1911993646501744E+03
 -0.2788745308262199E+03
 -0.8986278025330486E+03
 -0.2557035204754827E+03
  0.7301577036331078E+02
  0.1123120654958250E+04
  0.1850268896403893E+05
 -0.1403664575861854E+05
  0.3488052334425715E+04
  0.2646720144960875E+03
 -0.6556354606469553E+03
 -0.5083912705872783E+03
 -0.1186600312725814E+03
  0.6937023505916007E+02
  0.8549557027998094E+02
  0.2617713967472233E+02
 -0.2636701270290171E+02
 -0.3025023408287457E+02
  0.1341332208683284E+02
  0.7285945755716483E+02
  0.9816554873090966E+02
  0.3019999638444968E+02
 -0.2233145198464872E+03
 -0.1197598463659881E+04
 -0.1315022380559276E+04
  0.5002651856228703E+04
 -0.4573443506687528E+04
 -0.1949435582411771E+04
  0.6091887453476570E+04
  0.6030121135508987E+04
  0.3654893167778525E+04
 -0.5166830008066210E+03
 -0.5199253149788065E+03
 -0.8039779257505984E+02
  0.8542102583256158E+02
  0.2472389878270906E+02
 -0.1287056047623629E+03
 -0.2760990628549209E+03
 -0.3786355802356659E+03
 -0.4438176054388326E+03
 -0.5079322392736112E+03
 -0.6172579941120540E+03
 -0.7887850662286618E+03
 -0.9257013931045418E+03
 -0.9957904676146520E+03
  0.3745458359557383E+03
 -0.1884130083419235E+04
  0.1055867481235474E+04
  0.3699894709592316E+05
 -0.3688555263823189E+05
  0.8887142467952059E+04
  0.2586205763049048E+04
 -0.4360110860846704E+03
 -0.9004724471198989E+02
  0.1966993127602738E+03
  0.1851830330993069E+03
  0.1427398096897345E+02
 -0.1956055946147448E+03
 -0.4019009481740804E+03
 -0.6043515501274985E+03
 -0.8053096794422463E+03
 -0.1006384168717610E+04
 -0.1238142587430358E+04
 -0.1631295113685350E+04
 -0.2488127600107123E+04
 -0.4217307559779789E+04
 -0.6541878993589368E+04
  0.2387281179726746E+05
 -0.2151581889864154E+05
 -0.5431118520340080E+05
  0.4567378674385070E+05
 -0.3220185722651970E+04
 -0.2854007780815831E+04
  0.1522563965162564E+03
  0.7648451241541360E+03
  0.4652374238738792E+03
  0.2146747495424401E+03
  0.1082795982756866E+03
  0.8504403382251540E+02
  0.8110882804396279E+02
  0.5891749137892562E+02
  0.1550091386201664E+02
 -0.8907590481465270E+01
  0.7293319823931166E+02
  0.3120326916432011E+03
  0.4811540762220735E+03
 -0.3638545839451504E+03
 -0.5362234462310074E+04
 -0.2885086563055054E+05
  0.3729998928189209E+05
 -0.5431119458347524E+05
 -0.5431120396354875E+05
 -0.5821889439636852E+04
 -0.4329829190207215E+03
 -0.1865556454397838E+04
 -0.2089787007621684E+04
 -0.1364697685832509E+04
 -0.5769744129401980E+03
  0.1073600760293863E+03
  0.7267300579466606E+03
  0.1344594281439477E+04
  0.2002606721336884E+04
  0.2700989533614739E+04
  0.3390152225850621E+04
  0.4000706214228401E+04
  0.4614493457647093E+04
  0.5803386285102239E+04
  0.9008152218171632E+04
  0.1720610761658846E+05
  0.3729998928189209E+05
  0.3729998928189209E+05
 -0.5252064299182956E+01
  0.1000000000000000E+01
  0.1000000000000000E+01
  0.1000000000000000E+01
  0.1000000000000000E+01
  0.1000000000000000E+01
  0.1000000000000000E+01
  0.1000000000000000E+01
  0.1000000000000000E+01
  0.1000000000000000E+01
  0.1000000000000000E+01
  0.1000000000000000E+01
  0.1000000000000000E+01
  0.1000000000000000E+01
  0.1000000000000000E+01
  0.1000000000000000E+01
  0.1000000000000000E+01
  0.1000000000000000E+01
  0.1000000000000000E+01
  0.1000000000000000E+01
  0.7457483814205794E+01
 -0.1150412859836591E+02
 -0.1049852504709742E+02
 -0.7481714393291941E+01
 -0.4658082624910957E+01
 -0.2716858746519464E+01
 -0.1491799491782293E+01
 -0.7075898428964119E+00
 -0.1826920804425179E+00
  0.1827805222829809E+00
  0.4453406560208471E+00
  0.6399001965674938E+00
  0.7933938540353074E+00
  0.9426030186202219E+00
  0.1164134711755762E+01
  0.1630566719543916E+01
  0.2737697860100699E+01
  0.5241951194320915E+01
  0.9951538675427908E+01
  0.1814977620559170E+02
  0.1497366977270661E+02
  0.1391496762841159E+02
 -0.8079899698324416E+01
 -0.7498955912328316E+01
 -0.5756124554340019E+01
 -0.4373295510389407E+01
 -0.3110449081521485E+01
 -0.2062033561309959E+01
 -0.1252229981527149E+01
 -0.6480669681775638E+00
 -0.1966838374256527E+00
  0.1495793371219992E+00
  0.4252598077294192E+00
  0.6579274119171795E+00
  0.8869562452176466E+00
  0.1188662685278815E+01
  0.1702690688171782E+01
  0.2685778599628207E+01
  0.4213427027852899E+01
  0.2164315388365764E+01
 -0.6299698248591517E+01
  0.4709688526854729E+01
  0.8379484118670144E+01
 -0.9358333216876455E+01
 -0.8758416200407824E+01
 -0.6958665151001930E+01
 -0.4631565388481191E+01
 -0.2936840047546245E+01
 -0.1837239622436420E+01
 -0.1094379263949501E+01
 -0.5666414761516702E+00
 -0.1728092438084008E+00
  0.1383876247506888E+00
  0.4003336771707731E+00
  0.6388137209801246E+00
  0.8868559917735916E+00
  0.1200227591325277E+01
  0.1669379017264759E+01
  0.2436153189060740E+01
  0.3459227894599680E+01
  0.3013503113945339E+01
  0.9785160859473798E+01
  0.5704852890498768E+02
  0.7280298492015898E+02
 -0.9543271290330180E+01
 -0.8859041349847883E+01
 -0.6806351528400991E+01
 -0.4564228248245885E+01
 -0.2822856544321483E+01
 -0.1678399443676283E+01
 -0.9431304633437926E+00
 -0.4458863994887503E+00
 -0.8421286458010863E-01
  0.2002155400631730E+00
  0.4435029539923970E+00
  0.6735775104181229E+00
  0.9217728261256612E+00
  0.1232836238458066E+01
  0.1668843307214633E+01
  0.2291304950298673E+01
  0.3050737366748674E+01
  0.3684939648636778E+01
  0.2978432398073979E+01
  0.2196443547609867E+02
  0.2829310316877357E+02
 -0.1019533901916722E+02
 -0.9438021740351608E+01
 -0.7166069903904763E+01
 -0.4654602560586270E+01
 -0.2820189402520576E+01
 -0.1646240063806059E+01
 -0.9026684885203883E+00
 -0.4058076553615070E+00
 -0.4718922542133720E-01
  0.2335646626334534E+00
  0.4736555109710290E+00
  0.7024389941038555E+00
  0.9514689560427045E+00
  0.1262107207860164E+01
  0.1686585552252307E+01
  0.2266796336790089E+01
  0.3016765852970784E+01
  0.4323537590839532E+01
  0.9647448779175942E+01
  0.3146446769813298E+02
  0.3873680733778533E+02
 -0.1080513623942930E+02
 -0.9936808446973416E+01
 -0.7331825069605760E+01
 -0.4668962029366863E+01
 -0.2803839539863259E+01
 -0.1636179850628266E+01
 -0.9000898685145707E+00
 -0.4061290928436338E+00
 -0.4695545956030771E-01
  0.2361052516502326E+00
  0.4792238614910913E+00
  0.7113108896654381E+00
  0.9630592735624093E+00
  0.1273324136980815E+01
  0.1691571316018815E+01
  0.2272351489533059E+01
  0.3109176761897790E+01
  0.4657076492102496E+01
  0.8440252910558915E+01
  0.2294623568289343E+02
  0.2778156327367161E+02
 -0.1156998417388315E+02
 -0.1056996995240167E+02
 -0.7569927287957248E+01
 -0.4676416856946902E+01
 -0.2767120684172323E+01
 -0.1614563643289385E+01
 -0.8961801829045388E+00
 -0.4116004734896067E+00
 -0.5519493645660890E-01
  0.2289074985478643E+00
  0.4750767394312050E+00
  0.7108251524529502E+00
  0.9647219711579451E+00
  0.1271960811189141E+01
  0.1679473271422317E+01
  0.2256993082770236E+01
  0.3172124209483867E+01
  0.5076829861433490E+01
  0.1031404715652819E+02
  0.2122498511229792E+02
  0.2486196443088783E+02
 -0.1245054842509358E+02
 -0.1128455972021721E+02
 -0.7786593605588112E+01
 -0.4660300570067300E+01
 -0.2718034817045074E+01
 -0.1586641952435182E+01
 -0.8886872371139890E+00
 -0.4145214507582162E+00
 -0.6145275039455366E-01
  0.2230792096172837E+00
  0.4715991376074338E+00
  0.7101309926724905E+00
  0.9649121030550166E+00
  0.1267756866357223E+01
  0.1664460894097815E+01
  0.2238509003802922E+01
  0.3203837687210754E+01
  0.5225259896450389E+01
  0.9989577935229063E+01
  0.1897770564021246E+02
  0.2197374820854025E+02
 -0.1350894158187140E+02
 -0.1213236027731904E+02
 -0.8002616363661987E+01
 -0.4623958880342436E+01
 -0.2662845492749375E+01
 -0.1559891091071680E+01
 -0.8826574898754266E+00
 -0.4169194776574093E+00
 -0.6556808271526346E-01
  0.2199810804488382E+00
  0.4705816814545093E+00
  0.7111196268970247E+00
  0.9660385078625021E+00
  0.1264955489126251E+01
  0.1654452464097828E+01
  0.2232009071930414E+01
  0.3254700344433556E+01
  0.5443028831020036E+01
  0.1023493088573304E+02
  0.1733809752640047E+02
  0.1970581973995628E+02
 -0.1479329523400235E+02
 -0.1314162304824664E+02
 -0.8186606490979500E+01
 -0.4552455629889257E+01
 -0.2600597273326454E+01
 -0.1536835297518768E+01
 -0.8802770567843017E+00
 -0.4201965239198517E+00
 -0.6863559362327366E-01
  0.2184779073364934E+00
  0.4708148397151619E+00
  0.7127760029399822E+00
  0.9677873645712584E+00
  0.1264221690845263E+01
  0.1649734444186116E+01
  0.2231676409376033E+01
  0.3292228994856678E+01
  0.5550972358953311E+01
  0.1012157116041522E+02
  0.1603833523959155E+02
  0.1801058993265033E+02
 -0.1638498514708338E+02
 -0.1438069553063073E+02
 -0.8367826681272776E+01
 -0.4459925762490905E+01
 -0.2536300816015863E+01
 -0.1519866714756456E+01
 -0.8822425127427217E+00
 -0.4244149792146965E+00
 -0.7106023934961433E-01
  0.2174878603586016E+00
  0.4707269472783742E+00
  0.7134993058121779E+00
  0.9690355533117364E+00
  0.1265080447625469E+01
  0.1649689193948915E+01
  0.2235528587166488E+01
  0.3321656738439974E+01
  0.5636424134755639E+01
  0.1003842172735115E+02
  0.1502673133291441E+02
  0.1668950120143550E+02
 -0.1846931277149662E+02
 -0.1592242494528799E+02
 -0.8281761466662092E+01
 -0.4278151566135941E+01
 -0.2465073087005327E+01
 -0.1511848600113395E+01
 -0.8897820061540659E+00
 -0.4300179813168797E+00
 -0.7387725487573785E-01
  0.2150207175888743E+00
  0.4675676578479627E+00
  0.7100448136962985E+00
  0.9661475435636945E+00
  0.1263366860882365E+01
  0.1649324788980374E+01
  0.2237466598270345E+01
  0.3332851998124704E+01
  0.5668308504388286E+01
  0.9921094586645308E+01
  0.1421780765398332E+02
  0.1565004534309599E+02
 -0.2107704180889750E+02
 -0.1794394013916448E+02
 -0.8544635129965421E+01
 -0.4131870310865127E+01
 -0.2412322999515930E+01
 -0.1518776124859034E+01
 -0.9037755041252190E+00
 -0.4375275409271695E+00
 -0.7866930271690813E-01
  0.2086250736194753E+00
  0.4583938456892453E+00
  0.6988918905571371E+00
  0.9543365808330879E+00
  0.1251694263971550E+01
  0.1636826741433643E+01
  0.2220877548152620E+01
  0.3311467094861892E+01
  0.5652396139309731E+01
  0.9852105822491525E+01
  0.1370534504065489E+02
  0.1498975811337602E+02
 -0.2405732131277941E+02
 -0.1982181807672130E+02
 -0.7115308368546971E+01
 -0.3773793902821801E+01
 -0.2338392655036869E+01
 -0.1525902821945828E+01
 -0.9161603148725087E+00
 -0.4430401448951968E+00
 -0.8327460393197765E-01
  0.2009788970181819E+00
  0.4475192833931161E+00
  0.6860475101506082E+00
  0.9406682562661213E+00
  0.1236693173713639E+01
  0.1614108531877422E+01
  0.2171985420906623E+01
  0.3219094844555668E+01
  0.5538404339550559E+01
  0.9726136040365949E+01
  0.1322544064941814E+02
  0.1439187551910220E+02
 -0.3363554501492997E+02
 -0.2721452162676192E+02
 -0.7951451462257786E+01
 -0.3437957377610728E+01
 -0.2220488566137417E+01
 -0.1510642314557302E+01
 -0.9112792546095342E+00
 -0.4360089881734377E+00
 -0.7724049204695456E-01
  0.2061930332059181E+00
  0.4547663124894388E+00
  0.6985525166425971E+00
  0.9610987678935556E+00
  0.1265401577614265E+01
  0.1639978069221941E+01
  0.2146961801535174E+01
  0.3047769755222399E+01
  0.5237096172798416E+01
  0.9685023310551960E+01
  0.1412597386551194E+02
  0.1560629071716527E+02
 -0.2518116686926486E+02
 -0.1941852652282438E+02
 -0.2130605483502935E+01
 -0.2874138976979671E+01
 -0.2231183498376020E+01
 -0.1539819797406990E+01
 -0.8986566045444998E+00
 -0.4115935352033840E+00
 -0.4984219260169698E-01
  0.2400128134278080E+00
  0.5028710716653851E+00
  0.7703505867823328E+00
  0.1065995334197839E+01
  0.1410484469826593E+01
  0.1818160578494390E+01
  0.2298271716000429E+01
  0.2975143909377020E+01
  0.4793739560012058E+01
  0.9294019146193216E+01
  0.1278209455589247E+02
  0.1394478635912556E+02
 -0.6686394902402397E+02
 -0.5214148369104173E+02
 -0.7974087692095037E+01
 -0.1861378974689738E+01
 -0.2646521337722906E+01
 -0.1737541193597423E+01
 -0.9216176610882169E+00
 -0.3867815391647164E+00
 -0.1292449320461486E-01
  0.2863323740719748E+00
  0.5711730776467705E+00
  0.8806446070069546E+00
  0.1238976045971668E+01
  0.1662572487350063E+01
  0.2151892465938990E+01
  0.2675973823420821E+01
  0.3227470250886412E+01
  0.4267636903676162E+01
  0.8346280423293514E+01
  0.2434683516711229E+02
  0.2968035341505189E+02
 -0.7926146988206185E+01
 -0.4288307710329295E+01
  0.6625210123301372E+01
 -0.5498245185499611E+00
 -0.3375876533392865E+01
 -0.2065294818145578E+01
 -0.9872521628215939E+00
 -0.3769432933181884E+00
 -0.1335726117643749E-02
  0.2807181675094471E+00
  0.5581701042754638E+00
  0.8815663413596749E+00
  0.1274386798375174E+01
  0.1744719353016040E+01
  0.2286980360163193E+01
  0.2890718050343914E+01
  0.3571491747854282E+01
  0.4407506483846469E+01
  0.5903211884297694E+01
  0.1153556516710575E+02
  0.1341301626137511E+02
 -0.1186073956208010E+02
 -0.1268807367019422E+02
 -0.1517007599453657E+02
 -0.8653638228595369E+01
 -0.4576927630572826E+01
 -0.2120496104122796E+01
 -0.8799391258168985E+00
 -0.3051816752873892E+00
 -0.1803400620268446E-01
  0.1678839992789282E+00
  0.3452725888681435E+00
  0.5589093948791961E+00
  0.8282043813511405E+00
  0.1157523038184505E+01
  0.1538373693622781E+01
  0.1973283224368056E+01
  0.2559223939329019E+01
  0.3610093607823404E+01
  0.5864805216731952E+01
  0.1238048330780244E+02
  0.1455237600482593E+02
 -0.5930369781040050E+01
  0.0000000000000000E+00
  0.0000000000000000E+00
  0.0000000000000000E+00
  0.0000000000000000E+00
  0.0000000000000000E+00
  0.0000000000000000E+00
  0.0000000000000000E+00
  0.0000000000000000E+00
  0.0000000000000000E+00
  0.0000000000000000E+00
  0.0000000000000000E+00
  0.0000000000000000E+00
  0.0000000000000000E+00
  0.0000000000000000E+00
  0.0000000000000000E+00
  0.0000000000000000E+00
  0.0000000000000000E+00
  0.0000000000000000E+00
  0.0000000000000000E+00
  0.7276188002412965E+01
