 -0.1051171275674376E-14
  0.6834166750308707E-15
  0.3633483352518882E-15
 -0.1543915752080620E-14
 -0.2233883379925555E-14
 -0.6702724177553784E-15
  0.6616106588367560E-15
 -0.1030356288028549E-14
  0.1535902820399594E-14
  0.1248187751073937E-15
 -0.1081508607713236E-14
  0.1221092861157166E-14
 -0.2440539090264870E-15
  0.5398988005798910E-17
 -0.2125825692778430E-14
 -0.3925726659980561E-15
 -0.3010134865975497E-15
 -0.6494625123072348E-15
  0.4810469514046622E-16
  0.5556536133988210E-17
  0.1198704086295341E-15
 -0.1060688537869725E-15
  0.2357008122294097E+02
  0.7510323420886503E+01
  0.2476229705305000E+01
  0.1786044182342730E+01
  0.2145630416706913E+01
  0.2198030445449625E+01
  0.2017599381942484E+01
  0.1763403679491576E+01
  0.1448063773924000E+01
  0.1053382875309717E+01
  0.5786725334241858E+00
  0.2588856722216026E-01
 -0.6244850094786424E+00
 -0.1408372455763340E+01
 -0.2356327836930679E+01
 -0.3453775494001221E+01
 -0.4481336074139593E+01
 -0.4685744161560355E+01
 -0.2862316482353271E+01
  0.8272123762885497E-16
  0.6631929163822270E-16
 -0.1429890646454576E+02
  0.6461050005868854E+01
  0.8966800247428477E+01
  0.5217564350663374E+01
  0.3179541092509139E+01
  0.2655978318237767E+01
  0.2688033350945260E+01
  0.2764388494250255E+01
  0.2628401607215609E+01
  0.2162240933614475E+01
  0.1347912637110839E+01
  0.2357911459986734E+00
 -0.1101364604864403E+01
 -0.2571775819432303E+01
 -0.4000588909646021E+01
 -0.5065766170395801E+01
 -0.5290066120958100E+01
 -0.4200051126332393E+01
 -0.1916838675224489E+01
 -0.1944364130422246E-15
  0.1070090603584248E-15
 -0.1023788609806456E+01
  0.6252095855265082E+01
  0.8831490795846220E+01
  0.5530999917856983E+01
  0.2984249854397956E+01
  0.2260995053659025E+01
  0.2454596170827355E+01
  0.2808179493850693E+01
  0.2927473669032828E+01
  0.2620557745511315E+01
  0.1822886766842365E+01
  0.5888366414275149E+00
 -0.9343841228236885E+00
 -0.2544776631394825E+01
 -0.3993588601241291E+01
 -0.5003233538390717E+01
 -0.5289688583666080E+01
 -0.4440580842699047E+01
 -0.2116531498824656E+01
 -0.2903374833303565E-15
 -0.2397064277214096E-14
 -0.8335062979558794E+01
  0.2067481941769115E+01
  0.4045256638775597E+01
  0.3568646887771105E+01
  0.2224840090646689E+01
  0.1842660180695868E+01
  0.2148415225404907E+01
  0.2592596068783789E+01
  0.2827417649209157E+01
  0.2665890254161966E+01
  0.2030282194920082E+01
  0.9544831890464217E+00
 -0.4228924101238482E+00
 -0.1908090212800629E+01
 -0.3305597112216913E+01
 -0.4430032425575172E+01
 -0.4988223225133924E+01
 -0.4341782784295351E+01
 -0.2116598782635768E+01
 -0.4664610440529432E-16
  0.7539491085487363E-15
 -0.3632455232852648E+01
  0.4558996090739695E+00
  0.2108687812051590E+01
  0.2324163534554748E+01
  0.1809959081993241E+01
  0.1685034639733886E+01
  0.1989008814166651E+01
  0.2406522891835380E+01
  0.2661205316460929E+01
  0.2584143555449318E+01
  0.2103581277001885E+01
  0.1236736333789595E+01
  0.7635177181867593E-01
 -0.1251118822812679E+01
 -0.2626986050903988E+01
 -0.3907062441905314E+01
 -0.4730376907062679E+01
 -0.4326115621704917E+01
 -0.2195328055565338E+01
 -0.4076769575134948E-16
  0.5976952467028410E-15
 -0.4192628943789091E+01
 -0.1470609069317917E+01
  0.7697191008158699E+00
  0.1555427456519689E+01
  0.1577713012173452E+01
  0.1627366434602659E+01
  0.1907827665342967E+01
  0.2276169995462492E+01
  0.2522708384585142E+01
  0.2495082921247298E+01
  0.2126485376065169E+01
  0.1423695794487390E+01
  0.4405487133226326E+00
 -0.7563935781339804E+00
 -0.2103219994513740E+01
 -0.3471950100230495E+01
 -0.4468773224063093E+01
 -0.4276334796062941E+01
 -0.2273496041506954E+01
 -0.7941204931052187E-15
 -0.1672026097221044E-15
 -0.3579576677255381E+01
 -0.2240857302702578E+01
 -0.3002306784611167E+00
  0.8104550071539690E+00
  0.1244251540979093E+01
  0.1500299992730056E+01
  0.1820277976801126E+01
  0.2173562753497347E+01
  0.2418596785829849E+01
  0.2427752580803876E+01
  0.2139462908015324E+01
  0.1554924096703320E+01
  0.7072475053521704E+00
 -0.3711389399781904E+00
 -0.1651818495980774E+01
 -0.3035420694363793E+01
 -0.4158047644049536E+01
 -0.4203661241963550E+01
 -0.2369555525537041E+01
 -0.4219240516863121E-15
 -0.1568145976569776E-15
 -0.3229178333618489E+01
 -0.2972465707648132E+01
 -0.1276097030382697E+01
  0.5121485772800408E-01
  0.8091480447361622E+00
  0.1287514868850256E+01
  0.1701871478120617E+01
  0.2080850660339618E+01
  0.2340806878398289E+01
  0.2384492744617676E+01
  0.2160148522665963E+01
  0.1669369171952443E+01
  0.9389823796970175E+00
 -0.1413780657852630E-01
 -0.1190207121482750E+01
 -0.2539567784151592E+01
 -0.3771584571856197E+01
 -0.4092343072491154E+01
 -0.2481704525797567E+01
 -0.5758062212798953E-15
 -0.4168028904872126E-15
 -0.2970919332852175E+01
 -0.3394183168678833E+01
 -0.2066205958988827E+01
 -0.6691392971149638E+00
  0.3249651707173321E+00
  0.1013194966458632E+01
  0.1551243870538960E+01
  0.1988301756573634E+01
  0.2281088606207565E+01
  0.2361482854254994E+01
  0.2192025814531994E+01
  0.1781565469275942E+01
  0.1161318565705306E+01
  0.3441987049428019E+00
 -0.6959604348447312E+00
 -0.1974000817187405E+01
 -0.3301235053507743E+01
 -0.3933920517605049E+01
 -0.2615580408954523E+01
 -0.5957538471877341E-15
 -0.5098104962275238E-15
 -0.2776316871589634E+01
 -0.3711552547960948E+01
 -0.2739659563880135E+01
 -0.1348230801026757E+01
 -0.1837797932038120E+00
  0.6933177745339338E+00
  0.1369199696720631E+01
  0.1889161440818949E+01
  0.2232645269287536E+01
  0.2354415053916513E+01
  0.2232645792503928E+01
  0.1889162431359829E+01
  0.1369200990395433E+01
  0.6933190812125629E+00
 -0.1837787676704171E+00
 -0.1348230065446947E+01
 -0.2739658555484329E+01
 -0.3711550376427934E+01
 -0.2776314005409434E+01
 -0.6733352888926500E-15
 -0.1549070794597610E-15
 -0.2615583144351636E+01
 -0.3933922936696615E+01
 -0.3301236291328246E+01
 -0.1974001574266042E+01
 -0.6959613782292933E+00
  0.3441974074566254E+00
  0.1161317103963705E+01
  0.1781564129847512E+01
  0.2192024819399331E+01
  0.2361482333625660E+01
  0.2281088636716239E+01
  0.1988302368676178E+01
  0.1551244985321521E+01
  0.1013196323258662E+01
  0.3249663756883298E+00
 -0.6691384902094796E+00
 -0.2066205200067553E+01
 -0.3394181391779495E+01
 -0.2970916349711790E+01
 -0.6933472893044801E-16
 -0.1401653180457471E-15
 -0.2481707142668671E+01
 -0.4092345676791020E+01
 -0.3771586053394915E+01
 -0.2539568648593379E+01
 -0.1190208070304839E+01
 -0.1413913806216646E-01
  0.9389807521914663E+00
  0.1669367508797005E+01
  0.2160147080622038E+01
  0.2384491712175568E+01
  0.2340806398596599E+01
  0.2080850850435159E+01
  0.1701872368403603E+01
  0.1287516277542680E+01
  0.8091495190895625E+00
  0.5121588155993089E-01
 -0.1276096424153190E+01
 -0.2972464283555605E+01
 -0.3229175194482585E+01
 -0.6197367380562924E-15
 -0.6206057938601753E-15
 -0.2369558037433255E+01
 -0.4203663989130407E+01
 -0.4158049363189307E+01
 -0.3035421694841085E+01
 -0.1651819467064284E+01
 -0.3711402952350038E+00
  0.7072457377963660E+00
  0.1554922137936225E+01
  0.2139461042949813E+01
  0.2427751047932563E+01
  0.2418595777845594E+01
  0.2173562457573069E+01
  0.1820278541257104E+01
  0.1500301376854631E+01
  0.1244253331530115E+01
  0.8104564117864083E+00
 -0.3002302794849805E+00
 -0.2240857023982389E+01
 -0.3579573390480082E+01
 -0.3376273327755641E-17
  0.8356996464200378E-16
 -0.2273498445816135E+01
 -0.4276337634330317E+01
 -0.4468775128383291E+01
 -0.3471951166652671E+01
 -0.2103220900362410E+01
 -0.7563948837793848E+00
  0.4405468427643916E+00
  0.1423693547245156E+01
  0.2126483086392999E+01
  0.2495080886978614E+01
  0.2522706830406503E+01
  0.2276169144453208E+01
  0.1907827773222826E+01
  0.1627367675037669E+01
  0.1577715189177675E+01
  0.1555429608640086E+01
  0.7697197059837532E+00
 -0.1470609053253184E+01
 -0.4192624114860704E+01
  0.7001167766189365E-15
  0.6904894001404441E-15
 -0.2195330379706668E+01
 -0.4326118528236395E+01
 -0.4730378897085620E+01
 -0.3907063450658182E+01
 -0.2626986809909907E+01
 -0.1251120071236537E+01
  0.7634974630831939E-01
  0.1236733724581435E+01
  0.2103578505323481E+01
  0.2584140999094062E+01
  0.2661203224192781E+01
  0.2406521499769073E+01
  0.1989008507968940E+01
  0.1685035968901451E+01
  0.1809962341756864E+01
  0.2324167570271424E+01
  0.2108689123677283E+01
  0.4558965099095967E+00
 -0.3632454046376395E+01
  0.2522430235605416E-15
 -0.4756428812011798E-16
 -0.2116600905024673E+01
 -0.4341785567357276E+01
 -0.4988225198421143E+01
 -0.4430033417775176E+01
 -0.3305597916892642E+01
 -0.1908091659963159E+01
 -0.4228948060912884E+00
  0.9544800847562985E+00
  0.2030278880810811E+01
  0.2665887181707570E+01
  0.2827415105233855E+01
  0.2592594332465435E+01
  0.2148414898731929E+01
  0.1842662408264744E+01
  0.2224845837693703E+01
  0.3568653951386646E+01
  0.4045256627609091E+01
  0.2067479710805423E+01
 -0.8335055178554649E+01
 -0.1839416748257439E-16
 -0.3236207959597670E-15
 -0.2116533752394470E+01
 -0.4440583918033655E+01
 -0.5289690807297654E+01
 -0.5003234951261977E+01
 -0.3993589998067735E+01
 -0.2544778696226716E+01
 -0.9343870319881972E+00
  0.5888331355953199E+00
  0.1822883095220598E+01
  0.2620554336448609E+01
  0.2927470860597136E+01
  0.2808177668088807E+01
  0.2454596118622483E+01
  0.2260998290268135E+01
  0.2984257857787887E+01
  0.5531010194174071E+01
  0.8831492106464966E+01
  0.6252089992877733E+01
 -0.1023790265705201E+01
  0.7250602028496811E-18
 -0.8041730801232327E-17
 -0.1916839607876398E+01
 -0.4200053244858217E+01
 -0.5290068498778378E+01
 -0.5065768326127681E+01
 -0.4000591098922651E+01
 -0.2571778341023510E+01
 -0.1101367490293961E+01
  0.2357880007439359E+00
  0.1347909377706546E+01
  0.2162237780145697E+01
  0.2628398857077936E+01
  0.2764386562948361E+01
  0.2688032896045304E+01
  0.2655980285676410E+01
  0.3179546641208070E+01
  0.5217574626909153E+01
  0.8966810848686878E+01
  0.6461053449379757E+01
 -0.1429889811580945E+02
 -0.5878408653944844E-18
  0.2373386318206550E-17
 -0.2862321151454079E+01
 -0.4685749619809216E+01
 -0.4481339744869370E+01
 -0.3453777770305410E+01
 -0.2356329559874679E+01
 -0.1408374025599947E+01
 -0.6244865359748630E+00
  0.2588701197101723E-01
  0.5786708626990870E+00
  0.1053381060248215E+01
  0.1448061880172825E+01
  0.1763401846384246E+01
  0.2017597727543001E+01
  0.2198028806083802E+01
  0.2145628414585524E+01
  0.1786043345958462E+01
  0.2476232308886814E+01
  0.7510324454248927E+01
  0.2357006667465519E+02
  0.4455393302557620E-18
 -0.6098637220230962E-18
  0.4590918574118308E-18
 -0.2090477313823613E-17
  0.8758320674609466E-18
 -0.1062179315856893E-17
  0.9557919776817525E-17
  0.2725752024264338E-17
  0.3179761683992643E-17
 -0.1343394254345320E-17
  0.4912791094074942E-19
 -0.1919376658478245E-17
  0.2202285662861181E-19
  0.1512800843796180E-17
 -0.3211948935988307E-17
  0.1712700619348195E-17
  0.7962109704190423E-19
 -0.1406074692442139E-18
 -0.6115577879176048E-18
 -0.2680012245112606E-17
  0.1043544591017298E-17
  0.2178568740338060E-17
  0.4849787760926348E+05
  0.4849787760926348E+05
  0.8519174401058848E+04
  0.1299825801740646E+04
  0.1604203422341433E+04
  0.2858537604162468E+04
  0.3032219177154654E+04
  0.2705305188083316E+04
  0.2280796960986776E+04
  0.1807089861589142E+04
  0.1268970264608640E+04
  0.6719082308953999E+03
  0.1378140004475943E+02
 -0.7522002978588546E+03
 -0.1706227127508828E+04
 -0.2940108214357164E+04
 -0.4526864836798165E+04
 -0.6276754805913409E+04
 -0.7062747376069460E+04
 -0.4404116266096701E+04
 -0.4404117289741254E+04
  0.4849787760926348E+05
 -0.4042756196933320E+05
  0.9864268708296913E+03
  0.3343299512136992E+04
  0.1078099065191889E+04
 -0.5675623616957894E+03
 -0.7891654424455695E+03
 -0.5683720038145841E+03
 -0.3294252173221881E+03
 -0.1388267693342772E+03
 -0.9821703817774903E+01
  0.4499757703735739E+02
  0.3456975939197113E+02
  0.5636617635610056E+01
  0.3236046192027737E+02
  0.2250297886184432E+03
  0.7646687350266193E+03
  0.1798303354421863E+04
  0.2879709099544390E+04
  0.1938673179274335E+04
 -0.4404118313385810E+04
 -0.3439928042771337E+05
  0.3448118636325478E+05
 -0.8668767664984423E+04
 -0.5438418117572885E+04
 -0.4775122927517870E+03
  0.1134209233040399E+03
 -0.1319237640305926E+03
 -0.3652453603721542E+03
 -0.5021944807534757E+03
 -0.5244263222727728E+03
 -0.4332149227198473E+03
 -0.2546205039399307E+03
 -0.3040150605433958E+02
  0.2279927959635467E+03
  0.5387657431581442E+03
  0.8644342265311699E+03
  0.1039506788591985E+04
  0.7906715362677699E+03
  0.2631324173673971E+01
 -0.6046177446259333E+03
 -0.1997898840435329E+04
  0.1228797461533963E+04
 -0.4914687513376367E+04
 -0.4241440811091193E+04
 -0.4657079326658320E+04
 -0.4950687678585361E+03
  0.5615116747822597E+03
  0.3705934779591362E+03
  0.4319559913190096E+02
 -0.1905792794946686E+03
 -0.3294089314307133E+03
 -0.3670713663367538E+03
 -0.2882373868652243E+03
 -0.1136057578062447E+03
  0.1032910089947281E+03
  0.3078355227745271E+03
  0.4385187736786638E+03
  0.4691664933307447E+03
  0.5716495985076613E+03
  0.8427026413422761E+03
 -0.3156922010189873E+01
 -0.2538260775753326E+04
 -0.1615237309756152E+05
  0.1230059564035178E+05
 -0.3130565851821036E+04
  0.6293074550165313E+03
  0.4007385592003391E+02
  0.6282308036128052E+03
  0.4034787079742208E+03
  0.1169582455523752E+03
 -0.6854362751709731E+02
 -0.1806740422702612E+03
 -0.2386466609201735E+03
 -0.2315463649201843E+03
 -0.1586291340864565E+03
 -0.5588515099709326E+02
  0.2996572501896765E+02
  0.8371981830812409E+02
  0.1774557853741618E+03
  0.4601445708973175E+03
  0.6489696423562978E+03
 -0.7489888102474627E+02
 -0.2502470536865107E+04
 -0.4850551858292807E+04
  0.9832114175526877E+03
 -0.1617322998638459E+04
 -0.3903136736376829E+03
 -0.1082887112305370E+03
  0.2688092417405499E+03
  0.2236617375517727E+03
  0.7594130976985561E+02
 -0.4462035982595059E+02
 -0.1219433242465722E+03
 -0.1642675476693127E+03
 -0.1757474620844401E+03
 -0.1583724279625742E+03
 -0.1259394592779029E+03
 -0.9295059963216335E+02
 -0.3844595406999008E+02
  0.1296702445099788E+03
  0.5016624034836188E+03
  0.7805693481066221E+03
  0.2604070978941084E+02
 -0.2647415513283677E+04
 -0.6648729493545459E+04
  0.3235149821877182E+04
  0.1420073251946877E+03
 -0.5348326971625295E+03
 -0.3129818582322957E+03
 -0.1940811296939219E+02
  0.7100821061705528E+02
  0.3282678287717621E+02
 -0.3987162176338320E+02
 -0.9827200840843297E+02
 -0.1292595199181442E+03
 -0.1384547947861804E+03
 -0.1348392311569493E+03
 -0.1252618047367225E+03
 -0.1068255865013670E+03
 -0.4657143823617387E+02
  0.1362570932798360E+03
  0.5025188556339705E+03
  0.8044474977915049E+03
  0.1011063125317939E+03
 -0.2778749950899424E+04
 -0.5226620282723318E+04
  0.1862256796064970E+04
  0.1137717496654976E+03
 -0.3560599764208007E+03
 -0.2910385422748661E+03
 -0.1049402335757994E+03
 -0.9891263344250423E+00
  0.3907020399351982E+01
 -0.4007719003408746E+02
 -0.8601841079383149E+02
 -0.1112367417773922E+03
 -0.1160085513367446E+03
 -0.1111318356604540E+03
 -0.1049034993660410E+03
 -0.9286282694033839E+02
 -0.4389771942918107E+02
  0.1146320203258222E+03
  0.4621602831970250E+03
  0.8391544663657813E+03
  0.2077441109607798E+03
 -0.2947340296221791E+04
 -0.4553764187973105E+04
  0.1357500606230635E+04
  0.7077945073166537E+03
 -0.1215735704772501E+03
 -0.2268423162427646E+03
 -0.1280482407999428E+03
 -0.4371367021363628E+02
 -0.2336909756873661E+02
 -0.4718975874991104E+02
 -0.8084418447869906E+02
 -0.1008743005452625E+03
 -0.1027407156295276E+03
 -0.9584786339541128E+02
 -0.9126249407416739E+02
 -0.8896993485868259E+02
 -0.6305746817346151E+02
  0.5871055877029935E+02
  0.3905440173941872E+03
  0.8604700940411226E+03
  0.3397356283581090E+03
 -0.3147914931437578E+04
 -0.4061902869872798E+04
  0.9935995533971241E+03
  0.7652204071294152E+03
  0.3181712273003383E+02
 -0.1639738320763267E+03
 -0.1340151821168220E+03
 -0.7475636086927109E+02
 -0.5003982264373373E+02
 -0.5967989328790117E+02
 -0.8158064845280076E+02
 -0.9519059340305895E+02
 -0.9370084285252507E+02
 -0.8509401227535686E+02
 -0.8301703431590718E+02
 -0.9296379203024063E+02
 -0.9454044130199486E+02
 -0.1418544553512021E+02
  0.2967755079638418E+03
  0.8691910382671479E+03
  0.5081530196582759E+03
 -0.3392774777843765E+04
 -0.3693022628085661E+04
  0.7228849629338607E+03
  0.8533624548877947E+03
  0.1850581275682620E+03
 -0.8882823167076204E+02
 -0.1212080050250410E+03
 -0.9094587741303833E+02
 -0.7070188029108208E+02
 -0.7334212474273480E+02
 -0.8648256008993037E+02
 -0.9333704952530186E+02
 -0.8648258898221613E+02
 -0.7334220133032336E+02
 -0.7070200386200290E+02
 -0.9094598711650345E+02
 -0.1212079786059027E+03
 -0.8882796282612750E+02
  0.1850585268496978E+03
  0.8533622573250474E+03
  0.7228835330737886E+03
 -0.3693020459514791E+04
 -0.3392776797399652E+04
  0.5081542354364728E+03
  0.8691913863281638E+03
  0.2967751669104283E+03
 -0.1418576390003902E+02
 -0.9454054076980553E+02
 -0.9296372652625686E+02
 -0.8301691445483394E+02
 -0.8509391275663894E+02
 -0.9370078186327227E+02
 -0.9519055926071525E+02
 -0.8158064108987202E+02
 -0.5967993965406757E+02
 -0.5003994607256657E+02
 -0.7475652575682570E+02
 -0.1340152583975643E+03
 -0.1639736366388458E+03
  0.3181764988660991E+02
  0.7652206499399970E+03
  0.9935978932587343E+03
 -0.4061900585001079E+04
 -0.3147916819806921E+04
  0.3397366747145686E+03
  0.8604705572925157E+03
  0.3905437693775750E+03
  0.5871024535780554E+02
 -0.6305759472493497E+02
 -0.8896988939836415E+02
 -0.9126237332589044E+02
 -0.9584774649158005E+02
 -0.1027406306262045E+03
 -0.1008742389347675E+03
 -0.8084414268969228E+02
 -0.4718976858195763E+02
 -0.2336920972411594E+02
 -0.4371389000065065E+02
 -0.1280484511836763E+03
 -0.2268422654583484E+03
 -0.1215730673997183E+03
  0.7077946459425725E+03
  0.1357498661216532E+04
 -0.4553761758190090E+04
 -0.2947342071505822E+04
  0.2077450226558375E+03
  0.8391550123144375E+03
  0.4621601406357099E+03
  0.1146317523090593E+03
 -0.4389784984188247E+02
 -0.9286279999802322E+02
 -0.1049033865878434E+03
 -0.1111317131775691E+03
 -0.1160084555830903E+03
 -0.1112366661845352E+03
 -0.8601834289351378E+02
 -0.4007715626425759E+02
  0.3906951176018910E+01
 -0.9893522010616026E+00
 -0.1049405608889201E+03
 -0.2910387067995794E+03
 -0.3560594687688547E+03
  0.1137739232974467E+03
  0.1862254835938342E+04
 -0.5226617918841197E+04
 -0.2778751598524964E+04
  0.1011070897044932E+03
  0.8044480762109217E+03
  0.5025188290526198E+03
  0.1362568557965289E+03
 -0.4657163007669090E+02
 -0.1068256415135815E+03
 -0.1252617408291409E+03
 -0.1348391214701839E+03
 -0.1384546991480844E+03
 -0.1292594422504458E+03
 -0.9827191881504675E+02
 -0.3987151336392973E+02
  0.3282687300106517E+02
  0.7100823086193873E+02
 -0.1940822859541123E+02
 -0.3129820885933400E+03
 -0.5348320921784548E+03
  0.1420086421713204E+03
  0.3235143891318453E+04
 -0.6648723732351862E+04
 -0.2647417104698711E+04
  0.2604145512369082E+02
  0.7805700899481285E+03
  0.5016624615178467E+03
  0.1296699168786327E+03
 -0.3844633938396358E+02
 -0.9295082142236156E+02
 -0.1259394675611413E+03
 -0.1583723132182411E+03
 -0.1757473405627006E+03
 -0.1642674545423236E+03
 -0.1219432014073452E+03
 -0.4462012315408195E+02
  0.7594171593805416E+02
  0.2236622619077167E+03
  0.2688094496665881E+03
 -0.1082897598954774E+03
 -0.3903156857882067E+03
 -0.1617316597669962E+04
  0.9832133314978907E+03
 -0.4850553989628591E+04
 -0.2502471795578187E+04
 -0.7489842951174020E+02
  0.6489700320907319E+03
  0.4601444970231563E+03
  0.1774552450736954E+03
  0.8371922570165310E+02
  0.2996540938883917E+02
 -0.5588512250446396E+02
 -0.1586289018315220E+03
 -0.2315461177581781E+03
 -0.2386464876012099E+03
 -0.1806738678705583E+03
 -0.6854328116129538E+02
  0.1169588745488278E+03
  0.4034792942778030E+03
  0.6282300255702653E+03
  0.4007000674429816E+02
  0.6293106281448867E+03
 -0.3130562365580973E+04
  0.1230058207859108E+05
 -0.1615236291717478E+05
 -0.2538262542955873E+04
 -0.3155768448689496E+01
  0.8427041159122925E+03
  0.5716496418419790E+03
  0.4691659901061204E+03
  0.4385183696068250E+03
  0.3078354971399374E+03
  0.1032913269063175E+03
 -0.1136052677066789E+03
 -0.2882368987727611E+03
 -0.3670710013006640E+03
 -0.3294086729978395E+03
 -0.1905789964557650E+03
  0.4319593134268934E+02
  0.3705932113650672E+03
  0.5615088154257506E+03
 -0.4950751242136610E+03
 -0.4657074287841047E+04
 -0.4241428897458173E+04
 -0.4914680748997336E+04
  0.1228791359993857E+04
 -0.1997897526469467E+04
 -0.6046198688613920E+03
  0.2629409022159513E+01
  0.7906710384853736E+03
  0.1039506884454383E+04
  0.8644346488987179E+03
  0.5387663662790153E+03
  0.2279934403073627E+03
 -0.3040089938904551E+02
 -0.2546198953796849E+03
 -0.4332143354372322E+03
 -0.5244258330988097E+03
 -0.5021941814883982E+03
 -0.3652454238845756E+03
 -0.1319244827690719E+03
  0.1134190267676338E+03
 -0.4775196131205508E+03
 -0.5438430378187750E+04
 -0.8668767288998431E+04
  0.3448116790100778E+05
 -0.3439927140547965E+05
 -0.4404124326117922E+04
  0.1938678093475172E+04
  0.2879713649399870E+04
  0.1798305182640120E+04
  0.7646693573510410E+03
  0.2250301311618623E+03
  0.3236066524627301E+02
  0.5636655822638544E+01
  0.3456971080337870E+02
  0.4499759831073926E+02
 -0.9821486897397351E+01
 -0.1388262986550150E+03
 -0.3294244761315031E+03
 -0.5683709277246857E+03
 -0.7891634950932057E+03
 -0.5675579291221610E+03
  0.1078104754489031E+04
  0.3343299665700707E+04
  0.9864218169727410E+03
 -0.4042753493923727E+05
  0.4849786349490532E+05
 -0.4404125349764146E+04
 -0.4404126373410371E+04
 -0.7062759552406211E+04
 -0.6276763330203391E+04
 -0.4526870349860681E+04
 -0.2940112138540526E+04
 -0.1706230120323705E+04
 -0.7522025954155365E+03
  0.1377957655358091E+02
  0.6719066292864709E+03
  0.1268968731511864E+04
  0.1807088389483150E+04
  0.2280795651946499E+04
  0.2705304107857977E+04
  0.3032217808392891E+04
  0.2858534520003709E+04
  0.1604200851510011E+04
  0.1299830620396951E+04
  0.8519183539827012E+04
  0.4849786349490532E+05
  0.4849786349490532E+05
 -0.3934841007817167E+01
  0.9999992445294080E+00
  0.9999992445294080E+00
  0.9999992445294080E+00
  0.9999992445294080E+00
  0.9999992445294080E+00
  0.9999992445294080E+00
  0.9999992445294080E+00
  0.9999992445294080E+00
  0.9999992445294080E+00
  0.9999992445294080E+00
  0.9999992445294080E+00
  0.9999992445294080E+00
  0.9999992445294080E+00
  0.9999992445294080E+00
  0.9999992445294080E+00
  0.9999992445294080E+00
  0.9999992445294080E+00
  0.9999992445294080E+00
  0.9999992445294080E+00
  0.4009187222145452E+01
 -0.8869681260163743E+01
 -0.9127375556473558E+01
 -0.9900458445403004E+01
 -0.6453966897159837E+01
 -0.3718545448020451E+01
 -0.2011027266565461E+01
 -0.8391027650190052E+00
 -0.1438926465912650E+00
  0.2624281752821210E+00
  0.5222837345185845E+00
  0.7090995930590595E+00
  0.8649165967702729E+00
  0.1031977591060493E+01
  0.1263570750121465E+01
  0.1610781824408945E+01
  0.2118685773961726E+01
  0.2854993054837099E+01
  0.3917189000358672E+01
  0.5310617997159412E+01
  0.6591435899110976E+01
  0.7018375199761498E+01
 -0.8131731736046930E+01
 -0.4579206059423365E+01
  0.6078370970447324E+01
  0.1786107267108364E+01
 -0.1849354604570142E+01
 -0.1899042201259134E+01
 -0.1026589694194841E+01
 -0.4120902360473635E+00
 -0.1244011746124822E-01
  0.2840271168288139E+00
  0.5328865821610768E+00
  0.7677286007703688E+00
  0.1032785228812839E+01
  0.1393112455620225E+01
  0.1901314647876538E+01
  0.2564670284283537E+01
  0.3360329092410877E+01
  0.4259415936320609E+01
  0.5218425664663370E+01
  0.6166339831281841E+01
  0.6482311220154663E+01
 -0.5393192510933467E+02
 -0.4177383700331488E+02
 -0.5299572685255479E+01
 -0.1176588320589358E+01
 -0.1594388462802669E+01
 -0.1477626937230594E+01
 -0.8575526854946045E+00
 -0.3771474651784684E+00
 -0.3004368032687285E-01
  0.2458181566412143E+00
  0.4896731648754549E+00
  0.7326649375309255E+00
  0.1012486710593178E+01
  0.1376919786599426E+01
  0.1861215665165609E+01
  0.2474188583309718E+01
  0.3244487298530843E+01
  0.4273514606455239E+01
  0.5564420728569949E+01
  0.6599922362848971E+01
  0.6945089574275312E+01
 -0.1914240300641372E+02
 -0.1480014192606779E+02
 -0.1773358685029987E+01
 -0.2247428082347377E+01
 -0.1413140990092819E+01
 -0.1165231080016170E+01
 -0.7415298899541533E+00
 -0.3478703240936809E+00
 -0.1899992445383698E-01
  0.2554489397582196E+00
  0.4962516250721253E+00
  0.7309154005717138E+00
  0.9929162327317267E+00
  0.1319408321950214E+01
  0.1744709457187755E+01
  0.2308875301874268E+01
  0.3099909356140396E+01
  0.4244308565135435E+01
  0.5669903239743483E+01
  0.6871764670874567E+01
  0.7272385147918262E+01
 -0.2393154462631756E+02
 -0.1940188318745774E+02
 -0.5812898870878288E+01
 -0.2524020171766013E+01
 -0.1500613825018578E+01
 -0.1080315602698687E+01
 -0.7045744208504993E+00
 -0.3430508499301964E+00
 -0.1942553561747168E-01
  0.2601074797651966E+00
  0.5055145084721888E+00
  0.7377367360194045E+00
  0.9856205153331318E+00
  0.1283774208798946E+01
  0.1674715445024971E+01
  0.2225145543729263E+01
  0.3052722458901955E+01
  0.4288325340811054E+01
  0.5867450990983089E+01
  0.7229695681070744E+01
  0.7683777244433296E+01
 -0.1730578425613347E+02
 -0.1435038465296713E+02
 -0.5484185843468109E+01
 -0.2769441603394961E+01
 -0.1638381707302128E+01
 -0.1090120929426615E+01
 -0.6916695757855418E+00
 -0.3383295272913618E+00
 -0.2147899624909873E-01
  0.2584475414190394E+00
  0.5084405480141458E+00
  0.7439154857995859E+00
  0.9888671291731140E+00
  0.1276627255150470E+01
  0.1655390095131317E+01
  0.2204021862480929E+01
  0.3049651598712886E+01
  0.4336150889851669E+01
  0.6050220972326350E+01
  0.7617745661325423E+01
  0.8140253890991781E+01
 -0.1463758326947315E+02
 -0.1252516820895641E+02
 -0.6187923027406173E+01
 -0.3019278493054378E+01
 -0.1731730637898877E+01
 -0.1097562623638706E+01
 -0.6747268179816746E+00
 -0.3268518329671423E+00
 -0.1987930878431153E-01
  0.2556403000111445E+00
  0.5073689543937684E+00
  0.7473591885029588E+00
  0.9953627746480729E+00
  0.1282083120332127E+01
  0.1656002423393248E+01
  0.2198357512824573E+01
  0.3042509604491681E+01
  0.4366636139649510E+01
  0.6240185137450639E+01
  0.8065853799648027E+01
  0.8674410020380490E+01
 -0.1268929225289859E+02
 -0.1102874315516119E+02
 -0.6047095861948997E+01
 -0.3149770125499079E+01
 -0.1800659931305471E+01
 -0.1104526394136710E+01
 -0.6592778247260157E+00
 -0.3136775126981423E+00
 -0.1569755638019209E-01
  0.2537224268144801E+00
  0.5048728695098369E+00
  0.7483112381004766E+00
  0.1000303208272678E+01
  0.1287766610739218E+01
  0.1656022957025008E+01
  0.2184944045105896E+01
  0.3016424257033499E+01
  0.4374692642992551E+01
  0.6431164648677614E+01
  0.8586397140800859E+01
  0.9304807971508609E+01
 -0.1116465907396135E+02
 -0.9868488733535505E+01
 -0.5979977712257968E+01
 -0.3265546956880030E+01
 -0.1867226189886889E+01
 -0.1119203246814554E+01
 -0.6507385189814862E+00
 -0.3028574203037802E+00
 -0.1088805721754700E-01
  0.2528170507873450E+00
  0.5022974834995477E+00
  0.7480279595296777E+00
  0.1003502498854893E+01
  0.1291364682699415E+01
  0.1652206698762902E+01
  0.2163159974053891E+01
  0.2975261417073194E+01
  0.4362495558048509E+01
  0.6623276999431036E+01
  0.9203305033357058E+01
  0.1006331437799907E+02
 -0.9994376503373857E+01
 -0.8947891376143673E+01
 -0.5808435994453117E+01
 -0.3326555928395216E+01
 -0.1924347723076605E+01
 -0.1139510071029540E+01
 -0.6490422729668655E+00
 -0.2955978428862078E+00
 -0.6705194201775378E-02
  0.2524033407115103E+00
  0.4999993568032455E+00
  0.7475953092787267E+00
  0.1006703653297586E+01
  0.1295595981768000E+01
  0.1649039950935169E+01
  0.2139507101052087E+01
  0.2924343764396366E+01
  0.4326550217257741E+01
  0.6808426803803739E+01
  0.9947876657979219E+01
  0.1099435994270438E+02
 -0.9063329831819233E+01
 -0.8203318930066445E+01
 -0.5623286224808080E+01
 -0.3362501415341052E+01
 -0.1975265432422847E+01
 -0.1163162939154859E+01
 -0.6522089987905623E+00
 -0.2913665292493072E+00
 -0.3504036897041521E-02
  0.2519706882122473E+00
  0.4977012301903160E+00
  0.7471816026860398E+00
  0.1010886515868141E+01
  0.1302855543833523E+01
  0.1650736163685974E+01
  0.2119200247319404E+01
  0.2867222260971337E+01
  0.4265541385115182E+01
  0.6979968580302216E+01
  0.1086847301620158E+02
  0.1216464116150136E+02
 -0.8304822498228086E+01
 -0.7586410332105133E+01
 -0.5431173833736273E+01
 -0.3374698619391853E+01
 -0.2016428347024940E+01
 -0.1184947026981731E+01
 -0.6560252456703942E+00
 -0.2877684439902413E+00
 -0.3047413454648929E-03
  0.2516874087582193E+00
  0.4951258444926075E+00
  0.7462762315471531E+00
  0.1015696018592406E+01
  0.1313675623946340E+01
  0.1659275429363900E+01
  0.2104523342817668E+01
  0.2800656016381888E+01
  0.4149764801395489E+01
  0.7047087328252446E+01
  0.1202872621019686E+02
  0.1368927250417834E+02
 -0.7674423758590418E+01
 -0.7065866382033911E+01
 -0.5240194252364393E+01
 -0.3366642227832217E+01
 -0.2042513777280894E+01
 -0.1198360513630141E+01
 -0.6560046958852669E+00
 -0.2820849336638908E+00
  0.4635702250538960E-02
  0.2526394594816853E+00
  0.4926297594879346E+00
  0.7443583628861575E+00
  0.1019877776493013E+01
  0.1326849932756813E+01
  0.1674724369498188E+01
  0.2097559478165346E+01
  0.2731726663046723E+01
  0.4019273274970917E+01
  0.7187914283382066E+01
  0.1352514967700392E+02
  0.1563756147487788E+02
 -0.7140266940938677E+01
 -0.6617757702873306E+01
 -0.5050229988677197E+01
 -0.3336157061378620E+01
 -0.2049655820044792E+01
 -0.1204024846453037E+01
 -0.6553923258077007E+00
 -0.2766290352629562E+00
  0.1113136230413478E-01
  0.2560831625195859E+00
  0.4915581614228332E+00
  0.7415511201041788E+00
  0.1021477463771199E+01
  0.1338327607511298E+01
  0.1691667051359474E+01
  0.2090117630686030E+01
  0.2638377569475829E+01
  0.3769436655885900E+01
  0.6484180479572551E+01
  0.1535036594229854E+02
  0.1830576109654053E+02
 -0.6683789729637126E+01
 -0.6229707278900500E+01
 -0.4867459926690623E+01
 -0.3288331538354100E+01
 -0.2052726660456230E+01
 -0.1225148472315990E+01
 -0.6747176266878488E+00
 -0.2837759640221572E+00
  0.1437797868245114E-01
  0.2622619000890756E+00
  0.4944841835424095E+00
  0.7398911683174928E+00
  0.1019423997193884E+01
  0.1343048925510616E+01
  0.1704571886212044E+01
  0.2080312286442733E+01
  0.2500609626516419E+01
  0.3524015520504527E+01
  0.6812891804923639E+01
  0.2040185354184418E+02
  0.2493150745415102E+02
 -0.6272397036375888E+01
 -0.5871775755519127E+01
 -0.4669911912948846E+01
 -0.3244314694108538E+01
 -0.2099913535113849E+01
 -0.1308878244853371E+01
 -0.7447116766458690E+00
 -0.3194101179799014E+00
  0.7082224526905048E-02
  0.2690831977725111E+00
  0.5037470292289233E+00
  0.7445496844751358E+00
  0.1018998400899025E+01
  0.1347868498699087E+01
  0.1741527609442272E+01
  0.2165228113244409E+01
  0.2413136742417909E+01
  0.3247423557639572E+01
  0.2773363345169901E+01
  0.1580013153260550E+02
  0.2014238759508403E+02
 -0.5945101285831664E+01
 -0.5599933358300451E+01
 -0.4564429575706816E+01
 -0.3273520835391270E+01
 -0.2244491675697743E+01
 -0.1474191784713696E+01
 -0.8612181008997145E+00
 -0.3769217119770641E+00
 -0.1248831636285508E-01
  0.2673336170832988E+00
  0.5103254437763607E+00
  0.7541804433121184E+00
  0.1030042219712785E+01
  0.1377145904897136E+01
  0.1857550950287951E+01
  0.2477624194780168E+01
  0.2594383412006472E+01
  0.2176591550048357E+01
  0.6299559820687839E+01
  0.4277378781544916E+02
  0.5493186381370291E+02
 -0.5482321518235949E+01
 -0.5166349483636334E+01
 -0.4218433379837488E+01
 -0.3259422095539835E+01
 -0.2360333834101786E+01
 -0.1564673843828394E+01
 -0.9013172910112659E+00
 -0.3931144376765316E+00
 -0.3278680634807789E-01
  0.2322699928226329E+00
  0.4671120377991633E+00
  0.7159714821599079E+00
  0.1012438712782708E+01
  0.1412088891660828E+01
  0.2026588296123382E+01
  0.2899038980643670E+01
  0.2849346770042651E+01
 -0.7861091249330517E+00
 -0.5078361394570459E+01
  0.5579209797504386E+01
  0.9131733528196001E+01
 -0.6018390627542411E+01
 -0.5591449982170491E+01
 -0.4310628046054730E+01
 -0.2917195518060485E+01
 -0.1854997349912235E+01
 -0.1118688743024949E+01
 -0.6107839548784383E+00
 -0.2635723402206314E+00
 -0.3197887375163055E-01
  0.1350822379116939E+00
  0.2908992340424755E+00
  0.4777150241389118E+00
  0.7375704865872659E+00
  0.1143891156950759E+01
  0.1839100797246346E+01
  0.3011023461187165E+01
  0.4718537647956532E+01
  0.7453952799287793E+01
  0.1090043321404255E+02
  0.1012735855497077E+02
  0.9869667001946844E+01
 -0.3009195313771206E+01
  0.1389134033497053E-18
  0.2015938414465235E-18
  0.5590417451878382E-19
  0.9486769009248164E-19
  0.2541098841762901E-19
  0.9656175598699024E-19
 -0.4743384504624082E-19
 -0.6945670167485263E-19
  0.1270549420881451E-18
 -0.3388131789017201E-20
  0.2168404344971009E-18
 -0.4235164736271502E-19
  0.6606856988583543E-19
  0.1744887871343859E-18
  0.1829591166069289E-18
  0.1406074692442139E-18
  0.1118083490375676E-18
  0.2371692252312041E-19
 -0.5946171289725188E-18
  0.4934833500973423E+01
