  0.1151964808265848E-18
  0.2371692252312041E-19
  0.1135024149320762E-18
  0.1016439536705160E-19
  0.4404571325722362E-19
 -0.3574479037413147E-18
  0.1643243917673343E-18
  0.8300922883092143E-19
 -0.8809142651444724E-19
  0.6776263578034403E-19
 -0.6623797647528629E-18
  0.1079119974801979E-17
 -0.2175180608549043E-17
  0.1014745470810652E-17
 -0.7030373462210693E-18
 -0.1118083490375676E-18
  0.1072343711223944E-17
 -0.1145188544687814E-17
  0.1338312056661795E-17
 -0.5307508447495446E-17
 -0.3418624975118356E-17
  0.1592421940838085E-18
  0.2348711338081303E+02
  0.7576355070015337E+01
  0.2542499335353026E+01
  0.1834719778164057E+01
  0.2240244547445006E+01
  0.2398135130596943E+01
  0.2372817799560975E+01
  0.2338558685159511E+01
  0.2320305970684056E+01
  0.2295288912216356E+01
  0.2244066741951803E+01
  0.2154784807078163E+01
  0.2017842243142348E+01
  0.1824125487183157E+01
  0.1568631530198024E+01
  0.1257140700267995E+01
  0.9097572976551145E+00
  0.5544115472121024E+00
  0.2180932898037012E+00
 -0.1650020181251377E-17
 -0.5082197683525802E-19
 -0.1424561453634102E+02
  0.6526215747216596E+01
  0.9070190179789043E+01
  0.5326575858538972E+01
  0.3296662769618560E+01
  0.2834547470269596E+01
  0.3028767002052888E+01
  0.3426844375437218E+01
  0.3834098858575727E+01
  0.4172528274557520E+01
  0.4411301482288523E+01
  0.4532421906751613E+01
  0.4513845796023546E+01
  0.4323322048001355E+01
  0.3924360468425343E+01
  0.3297567935816214E+01
  0.2468860106963005E+01
  0.1519498651554275E+01
  0.5840542816592967E+00
 -0.1738111607765824E-17
 -0.1016439536705160E-19
 -0.1014286788987959E+01
  0.6269323775329411E+01
  0.8874745054903610E+01
  0.5615319339151750E+01
  0.3080999982420871E+01
  0.2398702752972940E+01
  0.2728661549205358E+01
  0.3395449568423773E+01
  0.4102138506995345E+01
  0.4741104841713378E+01
  0.5269603992657561E+01
  0.5658719857587000E+01
  0.5871392660648674E+01
  0.5850010735044561E+01
  0.5516508902848758E+01
  0.4799308299596715E+01
  0.3688781336318910E+01
  0.2287305681815473E+01
  0.8505719456993684E+00
  0.2446231151670419E-17
 -0.1863472483959461E-19
 -0.8278882672538861E+01
  0.2087104749610306E+01
  0.4052431682918808E+01
  0.3609792634897441E+01
  0.2268900278386965E+01
  0.1922878694799795E+01
  0.2355946919348021E+01
  0.3107463302098801E+01
  0.3927946102598003E+01
  0.4708250814950634E+01
  0.5393200024307833E+01
  0.5942069783284426E+01
  0.6308647527144087E+01
  0.6424087972267713E+01
  0.6187512176292859E+01
  0.5487560647722620E+01
  0.4271349990622731E+01
  0.2636610481073154E+01
  0.9380527447661337E+00
 -0.2168404344971009E-17
 -0.4743384504624082E-19
 -0.3604804103676604E+01
  0.4626105508178031E+00
  0.2093557851483703E+01
  0.2298576475630383E+01
  0.1773145284960854E+01
  0.1681612909323590E+01
  0.2114965235212940E+01
  0.2845987741509203E+01
  0.3689279846274427E+01
  0.4529288300773150E+01
  0.5288978996696229E+01
  0.5908856988388431E+01
  0.6332867928779977E+01
  0.6490928321765842E+01
  0.6282463879981185E+01
  0.5587800479363013E+01
  0.4337371413225411E+01
  0.2632355938987697E+01
  0.8925621953205037E+00
  0.9009042426996738E-17
  0.1355252715606881E-18
 -0.4141400580076804E+01
 -0.1445643741799343E+01
  0.7507518158650233E+00
  0.1480463978941504E+01
  0.1463260980369010E+01
  0.1532604303697078E+01
  0.1943123608750588E+01
  0.2632813099174879E+01
  0.3472129954152214E+01
  0.4342705211762233E+01
  0.5145722833019512E+01
  0.5798241434195115E+01
  0.6228510352168511E+01
  0.6364690559950681E+01
  0.6118329920112362E+01
  0.5387807835900368E+01
  0.4120362363827412E+01
  0.2439715146621502E+01
  0.7921076883266142E+00
  0.4907708896391416E-17
 -0.2541098841762901E-18
 -0.3537831210665051E+01
 -0.2214498562650864E+01
 -0.3213603974083388E+00
  0.7051825660795972E+00
  0.1065615157172305E+01
  0.1316959555054848E+01
  0.1760178488107911E+01
  0.2438387014633894E+01
  0.3277660708588738E+01
  0.4170734734518733E+01
  0.5006645778140979E+01
  0.5681400556040383E+01
  0.6104177278405874E+01
  0.6196674261743897E+01
  0.5883838785261144E+01
  0.5095239902873038E+01
  0.3816298475630979E+01
  0.2202095277161439E+01
  0.6921660694538670E+00
  0.5336307567702092E-18
  0.3523657060577889E-18
 -0.3186538809900344E+01
 -0.2935250718756421E+01
 -0.1297470803601836E+01
 -0.7932623205797414E-01
  0.5713829606533480E+00
  0.1015782907404152E+01
  0.1539125532856720E+01
  0.2240485064549133E+01
  0.3093021593722610E+01
  0.4008730768463789E+01
  0.4874261051100207E+01
  0.5571087768915262E+01
  0.5990906495428475E+01
  0.6045889369985986E+01
  0.5670549977483245E+01
  0.4826535243142209E+01
  0.3542342235773428E+01
  0.2001077115418349E+01
  0.6172638916208144E+00
  0.6115577879176048E-18
 -0.2456395547037471E-18
 -0.2928732449494181E+01
 -0.3353824242124046E+01
 -0.2089693669596474E+01
 -0.8220073691010658E+00
  0.3186184628293917E-01
  0.6529975410219303E+00
  0.1278596842131331E+01
  0.2029325017891418E+01
  0.2910807306164846E+01
  0.3853838740701580E+01
  0.4748315614951339E+01
  0.5468495651878276E+01
  0.5894142892512336E+01
  0.5928540780749600E+01
  0.5511086337768289E+01
  0.4628581528008167E+01
  0.3345554605297137E+01
  0.1864391995609336E+01
  0.5713397622121676E+00
  0.3574479037413147E-18
  0.2812149384884277E-18
 -0.2734441245279040E+01
 -0.3667329415810978E+01
 -0.2764787585607330E+01
 -0.1520558490098027E+01
 -0.5269433506054217E+00
  0.2490338453374404E+00
  0.9871867217207793E+00
  0.1808742381005195E+01
  0.2736895734562046E+01
  0.3715428495115793E+01
  0.4638772045776615E+01
  0.5380274046386976E+01
  0.5815724208026324E+01
  0.5843944062709163E+01
  0.5406239054438294E+01
  0.4504786893194552E+01
  0.3227782582239159E+01
  0.1787944736602691E+01
  0.5487973959512662E+00
  0.4206365616064855E-17
 -0.2388632911257127E-18
 -0.2574670247111149E+01
 -0.3888311040591944E+01
 -0.3329701856619511E+01
 -0.2164141400200982E+01
 -0.1082238313255894E+01
 -0.1726634516461762E+00
  0.6840301087804751E+00
  0.1595868417699290E+01
  0.2590291479232520E+01
  0.3615384290107126E+01
  0.4567422254502248E+01
  0.5322870423058673E+01
  0.5762390537989385E+01
  0.5788137396247206E+01
  0.5343669780624940E+01
  0.4437835994782281E+01
  0.3169701903144408E+01
  0.1754765103350135E+01
  0.5415069514836858E+00
 -0.6195198976217953E-17
  0.1829591166069289E-18
 -0.2442023212001537E+01
 -0.4046932357047966E+01
 -0.3804765750679587E+01
 -0.2746133271613865E+01
 -0.1611290397538618E+01
 -0.5868978743445316E+00
  0.3901588251336396E+00
  0.1408319251758673E+01
  0.2489106867502084E+01
  0.3574902703314473E+01
  0.4557306594612249E+01
  0.5316269816708622E+01
  0.5745077144173096E+01
  0.5759322808206981E+01
  0.5309363620615142E+01
  0.4405685144083515E+01
  0.3147617782647668E+01
  0.1746896129667400E+01
  0.5424934950655609E+00
  0.6301925127571995E-18
  0.6945670167485263E-19
 -0.2331460697639836E+01
 -0.4160405042952222E+01
 -0.4198384214898727E+01
 -0.3257704598163882E+01
 -0.2099749181572502E+01
 -0.9855137951556474E+00
  0.1038042393075291E+00
  0.1237424757039931E+01
  0.2423647294857050E+01
  0.3588540332874826E+01
  0.4609487115086100E+01
  0.5365968510491158E+01
  0.5768070066708923E+01
  0.5754686822470354E+01
  0.5291133628471536E+01
  0.4389529382742709E+01
  0.3142380922998963E+01
  0.1751444370828454E+01
  0.5477470981311289E+00
 -0.1394216231180578E-17
 -0.1609362599783171E-18
 -0.2237437085994753E+01
 -0.4237199999069041E+01
 -0.4518096968755750E+01
 -0.3706624353606160E+01
 -0.2569141997988552E+01
 -0.1406955367316968E+01
 -0.2256991943845321E+00
  0.1025530001854048E+01
  0.2333479957457131E+01
  0.3598327390191750E+01
  0.4674998123472240E+01
  0.5436475070624253E+01
  0.5808264694171076E+01
  0.5757672529766916E+01
  0.5273402048226917E+01
  0.4373769428043707E+01
  0.3141637785833242E+01
  0.1762694780511820E+01
  0.5571431375266939E+00
  0.4157237705124106E-17
 -0.1727947212398773E-18
 -0.2162101605050038E+01
 -0.4293025723925549E+01
 -0.4786718839322614E+01
 -0.4142621710007163E+01
 -0.3097082432795324E+01
 -0.1938557114792968E+01
 -0.6844646307773641E+00
  0.6836461920398903E+00
  0.2117428087884706E+01
  0.3489801071149221E+01
  0.4637315629414307E+01
  0.5425359873554670E+01
  0.5787900891328715E+01
  0.5715438892946579E+01
  0.5221944636611286E+01
  0.4337256806279041E+01
  0.3135608696538315E+01
  0.1780883773208044E+01
  0.5748452101268273E+00
 -0.2183650938021586E-17
  0.2642742795433417E-18
 -0.2086333156104074E+01
 -0.4312997012437753E+01
 -0.5042619191237928E+01
 -0.4648372640855798E+01
 -0.3763981720263345E+01
 -0.2627859958332834E+01
 -0.1297674693260097E+01
  0.1741637019370487E+00
  0.1693262082791876E+01
  0.3126250689402781E+01
  0.4321404658952782E+01
  0.5150122727911543E+01
  0.5546297964370623E+01
  0.5505364215687742E+01
  0.5053737288952369E+01
  0.4230379926316939E+01
  0.3101735662027969E+01
  0.1804150298793912E+01
  0.6076870546653634E+00
 -0.2066760391300493E-18
 -0.4523155938337964E-18
 -0.2091721702010621E+01
 -0.4421063590453890E+01
 -0.5338211634555516E+01
 -0.5200531607681462E+01
 -0.4435392075082249E+01
 -0.3268870309826370E+01
 -0.1866762332521741E+01
 -0.3758762944749837E+00
  0.1083928801719059E+01
  0.2421188258391048E+01
  0.3547725621207903E+01
  0.4371986354056813E+01
  0.4828295591531889E+01
  0.4895176080880861E+01
  0.4584112750360537E+01
  0.3923723385323289E+01
  0.2962760829487685E+01
  0.1799993459387454E+01
  0.6536580216949289E+00
 -0.2354751593366955E-18
  0.1575481281892999E-18
 -0.1891050320523679E+01
 -0.4177190937168185E+01
 -0.5336645932531924E+01
 -0.5262380634299541E+01
 -0.4411528253326408E+01
 -0.3202795325353794E+01
 -0.1898912071824213E+01
 -0.6527283832218296E+00
  0.4624446587728723E+00
  0.1435351522000412E+01
  0.2266734721526843E+01
  0.2928328990531757E+01
  0.3374229885992695E+01
  0.3567643061774601E+01
  0.3488952718215716E+01
  0.3131214338344399E+01
  0.2499787057836623E+01
  0.1630930851927152E+01
  0.6597897701651286E+00
  0.4743384504624082E-19
  0.8131516293641283E-19
 -0.2863173538384064E+01
 -0.4721534516433376E+01
 -0.4586212098744046E+01
 -0.3641109053196208E+01
 -0.2624133052256334E+01
 -0.1743120602678038E+01
 -0.1010508189998126E+01
 -0.4119978695062131E+00
  0.6799070236517883E-01
  0.4596336197090168E+00
  0.7963506206961345E+00
  0.1091274933442173E+01
  0.1335269080949694E+01
  0.1509021633926037E+01
  0.1590480453487317E+01
  0.1554348790251272E+01
  0.1368595660242553E+01
  0.9992485574643504E+00
  0.4574704914392731E+00
 -0.9994988777600744E-19
 -0.7453889935837843E-19
 -0.8300922883092143E-19
 -0.6776263578034403E-20
 -0.1761828530288945E-18
  0.1524659305057741E-18
 -0.8470329472543003E-20
 -0.4573977915173222E-19
  0.1304430738771623E-18
  0.3676122991083663E-18
 -0.6776263578034403E-20
 -0.3879410898424696E-18
 -0.2015938414465235E-18
 -0.1016439536705160E-18
 -0.1202786785101106E-18
 -0.1880413142904547E-18
 -0.1185846126156020E-18
  0.1524659305057741E-19
 -0.1270549420881451E-18
  0.9994988777600744E-19
 -0.8639736061993863E-19
 -0.5082197683525802E-20
  0.4830807721519835E+05
  0.4830807721519835E+05
  0.8641544189816059E+04
  0.1388745623724518E+04
  0.1647575558959137E+04
  0.2974585470564548E+04
  0.3306748199189993E+04
  0.3192543340414875E+04
  0.3053123650192397E+04
  0.2947022562349676E+04
  0.2843197542260147E+04
  0.2715858362648111E+04
  0.2550703359770290E+04
  0.2337133198575726E+04
  0.2066291748517673E+04
  0.1736137677479814E+04
  0.1359090007298081E+04
  0.9634320957090938E+03
  0.5793532293555146E+03
  0.2084934076195347E+03
  0.2084934856158044E+03
  0.4830807721519835E+05
 -0.4024708399637459E+05
  0.9001632465015654E+03
  0.3324506975544506E+04
  0.1108176218446086E+04
 -0.5725841874958463E+03
 -0.8579722564753117E+03
 -0.6903241316005602E+03
 -0.4937066232687145E+03
 -0.3253109610188296E+03
 -0.1777018593728900E+03
 -0.4595670512005128E+02
  0.7007666332479738E+02
  0.1685548420628644E+03
  0.2453175417326064E+03
  0.2924402053183618E+03
  0.2989575761293192E+03
  0.2565532578831749E+03
  0.1718812149434131E+03
  0.1064370646905661E+03
  0.2084935636120742E+03
 -0.3429103651853785E+05
  0.3439259916878297E+05
 -0.8675418195467748E+04
 -0.5499810328337668E+04
 -0.5164944611788469E+03
  0.1183420665214192E+03
 -0.9309548592855388E+02
 -0.3135596426267018E+03
 -0.4725071774438095E+03
 -0.5688290516708006E+03
 -0.6170169167410254E+03
 -0.6307099465874622E+03
 -0.6188267623343364E+03
 -0.5851798326458448E+03
 -0.5285306811849280E+03
 -0.4445119705848561E+03
 -0.3329914664828204E+03
 -0.2087229143454204E+03
 -0.9299971815331983E+02
  0.1007787011646236E+03
  0.6504761842697799E+03
  0.1222461072301997E+04
 -0.4879210365627653E+04
 -0.4207774917127486E+04
 -0.4635707663160535E+04
 -0.5148888726226993E+03
  0.5598855453246558E+03
  0.4020240220606649E+03
  0.1157081768266389E+03
 -0.7365347737141578E+02
 -0.1919523888649738E+03
 -0.2768230489242320E+03
 -0.3471198953682847E+03
 -0.4110044988833845E+03
 -0.4706933210909757E+03
 -0.5202913421121903E+03
 -0.5407578741615119E+03
 -0.5031351319717349E+03
 -0.3903968041851497E+03
 -0.2032339292896098E+03
  0.1628499653240649E+03
  0.9392619301350958E+03
 -0.1605136763809882E+05
  0.1223341745425622E+05
 -0.3127630447872633E+04
  0.6562114496997162E+03
  0.1196876769895280E+02
  0.6295581978307375E+03
  0.4275158659774900E+03
  0.1819316061913688E+03
  0.4222333873409286E+02
 -0.3393407856057457E+02
 -0.8650623603735066E+02
 -0.1347720627200977E+03
 -0.1892132865741046E+03
 -0.2571742075937889E+03
 -0.3389780302664756E+03
 -0.4167825222039687E+03
 -0.4488059184381920E+03
 -0.3863534810114950E+03
 -0.1859457814988860E+03
  0.2510134497306129E+03
  0.1000157206254552E+04
 -0.4818073523403856E+04
  0.9846174558195343E+03
 -0.1600886573872799E+04
 -0.3768422729055403E+03
 -0.1022652602409138E+03
  0.2884584905838717E+03
  0.2580164994487714E+03
  0.1459186483705343E+03
  0.6361137945323886E+02
  0.8836645088722738E+01
 -0.3188481363583939E+02
 -0.6680156480261881E+02
 -0.1032408653291912E+03
 -0.1509332458705259E+03
 -0.2177758706703583E+03
 -0.2955095068078375E+03
 -0.3454200162300368E+03
 -0.3044163347931068E+03
 -0.1039469968272250E+03
  0.3169070268748064E+03
  0.9126217274371785E+03
 -0.6565145153268835E+04
  0.3190929210569386E+04
  0.1275239322477475E+03
 -0.5403215562981682E+03
 -0.2986972009022371E+03
  0.9981403387575762E+01
  0.1157038616792078E+03
  0.1077032670343163E+03
  0.6673364041566155E+02
  0.2139101488185950E+02
 -0.2081118814979979E+02
 -0.5754428595793431E+02
 -0.8943958739282989E+02
 -0.1224864191665775E+03
 -0.1662124789378221E+03
 -0.2201970967382722E+03
 -0.2546416288326193E+03
 -0.2082261845419650E+03
 -0.1525546410639781E+02
  0.3424050530313006E+03
  0.7793272377081056E+03
 -0.5167174676810692E+04
  0.1843554701070665E+04
  0.1071522563470154E+03
 -0.3715527900209785E+03
 -0.2854567900710312E+03
 -0.7573858633524091E+02
  0.4970467744379283E+02
  0.8179946926741358E+02
  0.6373232609138698E+02
  0.2539395985742713E+02
 -0.1917063982804171E+02
 -0.6213241455629500E+02
 -0.9821195855427591E+02
 -0.1269421776483838E+03
 -0.1539676410248634E+03
 -0.1817215976527511E+03
 -0.1899286703298043E+03
 -0.1292067607137126E+03
  0.4901348010057493E+02
  0.3371210216703705E+03
  0.6620392428316196E+03
 -0.4492714610124228E+04
  0.1337736304406640E+04
  0.6823341070855305E+03
 -0.1444218773628213E+03
 -0.2255821962615288E+03
 -0.9726703501443643E+02
  0.1325593319209956E+02
  0.5928153086093676E+02
  0.5675244886458743E+02
  0.2664112148057646E+02
 -0.1746182372891982E+02
 -0.6558690292594989E+02
 -0.1085793861904196E+03
 -0.1399559410748357E+03
 -0.1590958481716724E+03
 -0.1671073475606529E+03
 -0.1514752453798775E+03
 -0.7816819532898914E+02
  0.8328907589022305E+02
  0.3182109427570252E+03
  0.5816116179931055E+03
 -0.4002503920243763E+04
  0.9760501711807556E+03
  0.7406056926368212E+03
  0.4003767416647611E+01
 -0.1681078965308318E+03
 -0.1025704730073938E+03
 -0.1090197150913048E+02
  0.4118229006058960E+02
  0.5058375562802998E+02
  0.2886647831463806E+02
 -0.1272497233270231E+02
 -0.6373584133698603E+02
 -0.1131754782601807E+03
 -0.1505289669316292E+03
 -0.1691110974681370E+03
 -0.1663268243405394E+03
 -0.1344496987953982E+03
 -0.5307097610178273E+02
  0.9485659275324139E+02
  0.2980376848508830E+03
  0.5365892604506649E+03
 -0.3634735959751245E+04
  0.7068131264152679E+03
  0.8226893320460574E+03
  0.1511447079157329E+03
 -0.9896035732441256E+02
 -0.9054361232290790E+02
 -0.2032867527267250E+02
  0.3186702541286589E+02
  0.4835349032241444E+02
  0.3274944175228295E+02
 -0.6003554079751190E+01
 -0.5758212360378535E+02
 -0.1109791855868690E+03
 -0.1544140816591054E+03
 -0.1769551230243762E+03
 -0.1713990104222592E+03
 -0.1314765369725041E+03
 -0.4613803833629862E+02
  0.9341162721466767E+02
  0.2822407381859625E+03
  0.5174368789526582E+03
 -0.3336385295215763E+04
  0.4935621815195309E+03
  0.8359630115983689E+03
  0.2591668392347392E+03
 -0.2896468026460987E+02
 -0.6509198877267147E+02
 -0.1721864616398379E+02
  0.2921824687177956E+02
  0.4668519384467609E+02
  0.3308964033628418E+02
 -0.3848546756018456E+01
 -0.5354954375475381E+02
 -0.1062834882607872E+03
 -0.1522596797832005E+03
 -0.1794314200993869E+03
 -0.1763094009970116E+03
 -0.1349891146612242E+03
 -0.4890676656784169E+02
  0.8657389649132357E+02
  0.2720112672663199E+03
  0.5138030760975753E+03
 -0.3093433671451776E+04
  0.3260118087669695E+03
  0.8246174210833933E+03
  0.3494571896452758E+03
  0.4075249967212946E+02
 -0.3507273649247388E+02
 -0.1197776980310865E+02
  0.2330860272922446E+02
  0.3598365094925457E+02
  0.1967728290401572E+02
 -0.1756992584646257E+02
 -0.6323465224465612E+02
 -0.1089200258768359E+03
 -0.1499478653308057E+03
 -0.1775566716948761E+03
 -0.1779057108380944E+03
 -0.1392111762351413E+03
 -0.5479062651059831E+02
  0.7903465061215140E+02
  0.2664704716665496E+03
  0.5177573268660606E+03
 -0.2894948240813787E+04
  0.1943909740510292E+03
  0.8013235641628823E+03
  0.4198375108297002E+03
  0.9669004682137520E+02
 -0.1731869966901801E+02
 -0.1914809362672961E+02
  0.3673717637009533E+01
  0.8426200901633209E+01
 -0.1543393203837712E+02
 -0.5730554982839578E+02
 -0.9922216929098224E+02
 -0.1321578285741124E+03
 -0.1583720430974837E+03
 -0.1773699613866025E+03
 -0.1770790990677775E+03
 -0.1415160284944632E+03
 -0.6011258332150564E+02
  0.7278874422875583E+02
  0.2640370364895603E+03
  0.5252783717030243E+03
 -0.2728721630315482E+04
  0.8759441427752260E+02
  0.7651705279022066E+03
  0.4625647742445342E+03
  0.1211692662748661E+03
 -0.2329977278560990E+02
 -0.3964731260840554E+02
 -0.2360808393623353E+02
 -0.2813425560735567E+02
 -0.6671802901860345E+02
 -0.1224563335987120E+03
 -0.1671553293005531E+03
 -0.1872479102531683E+03
 -0.1911253274922375E+03
 -0.1902201271156284E+03
 -0.1801600851938656E+03
 -0.1437793855147453E+03
 -0.6489681576388590E+02
  0.6704141103963282E+02
  0.2626858076365531E+03
  0.5372292397887511E+03
 -0.2600843939384010E+04
  0.1264418129348432E+02
  0.7440451273215630E+03
  0.4685697441633390E+03
  0.1142116425867394E+03
 -0.2658566568629562E+02
 -0.3450038953955649E+02
 -0.2140222208205212E+02
 -0.4363497759756264E+02
 -0.1101027804948668E+03
 -0.1945883333847146E+03
 -0.2572153205444926E+03
 -0.2758585962275344E+03
 -0.2601298790242652E+03
 -0.2324232192620834E+03
 -0.2012691133649714E+03
 -0.1552580223995876E+03
 -0.7514096289232222E+02
  0.5650208986798726E+02
  0.2585332422522256E+03
  0.5605480216295135E+03
 -0.2459302175015549E+04
 -0.8859507539250784E+02
  0.6117972396275273E+03
  0.4293802277762677E+03
  0.1472050870458053E+03
  0.7401845241255802E+02
  0.8167385494176514E+02
  0.6590136417491195E+02
 -0.2243262345749434E+01
 -0.1129012984465357E+03
 -0.2374169784460490E+03
 -0.3360979147283005E+03
 -0.3787666895779026E+03
 -0.3662859746487635E+03
 -0.3219089088272866E+03
 -0.2655267009653316E+03
 -0.1991347800174351E+03
 -0.1093530931002286E+03
  0.2572585597433113E+02
  0.2407621176064155E+03
  0.6088438197144733E+03
 -0.2503753915987232E+04
 -0.1262410323943600E+02
  0.8252321986235161E+03
  0.5392992385278710E+03
  0.4185282997829415E+03
  0.4243707773361825E+03
  0.3755116270942062E+03
  0.2530280636349266E+03
  0.9820799720654929E+02
 -0.5619369480485024E+02
 -0.2041577974029726E+03
 -0.3369467909247293E+03
 -0.4293537702291957E+03
 -0.4649899618403622E+03
 -0.4488028269389025E+03
 -0.3954938201731875E+03
 -0.3158230820558376E+03
 -0.2101263892341484E+03
 -0.6264877309238893E+02
  0.1811352735770401E+03
  0.6938224334016008E+03
 -0.1955683347250877E+04
 -0.6271539394966176E+03
 -0.5726252770202635E+02
  0.7240009397806507E+03
  0.1011138616984861E+04
  0.9098672239616174E+03
  0.6517262703970898E+03
  0.3818924852766695E+03
  0.1722505902733824E+03
  0.3816393309390233E+02
 -0.5876408099339223E+02
 -0.1612684760054783E+03
 -0.2728414059785453E+03
 -0.3734396877728904E+03
 -0.4448468583023630E+03
 -0.4763235745462824E+03
 -0.4610940834134000E+03
 -0.3913891463549468E+03
 -0.2483371337693276E+03
  0.4116011253366884E+02
  0.7711681162540076E+03
 -0.4403829978132355E+04
  0.1936043668933082E+04
  0.2903824510034168E+04
  0.1858223501746494E+04
  0.8366841460588341E+03
  0.2803097115759929E+03
  0.5401833563168680E+02
 -0.4799113463359038E+01
  0.2109824223925346E+02
  0.9524703696740147E+02
  0.1844633409928273E+03
  0.2528963092205007E+03
  0.2779395750803123E+03
  0.2533800442735376E+03
  0.1829224187514729E+03
  0.7616052910774134E+02
 -0.5084188205712048E+02
 -0.1683992891484963E+03
 -0.2159988840621012E+03
 -0.6833745321443051E+02
  0.5831336271824496E+03
 -0.4403831002083417E+04
 -0.4403832026034479E+04
 -0.7117756882987916E+04
 -0.6432569385666214E+04
 -0.4787675410973849E+04
 -0.3289116301576268E+04
 -0.2118755075468157E+04
 -0.1210210957899554E+04
 -0.5049468444768495E+03
  0.3396537055373648E+02
  0.4593289854723438E+03
  0.8291731313399735E+03
  0.1170560874104388E+04
  0.1475633782309175E+04
  0.1719365776705504E+04
  0.1870497360351626E+04
  0.1890640545499581E+04
  0.1726515366816809E+04
  0.1307098389970910E+04
  0.5831336271824496E+03
  0.5831336271824496E+03
 -0.3914737232275947E+01
  0.1000000000000000E+01
  0.1000000000000000E+01
  0.1000000000000000E+01
  0.1000000000000000E+01
  0.1000000000000000E+01
  0.1000000000000000E+01
  0.1000000000000000E+01
  0.1000000000000000E+01
  0.1000000000000000E+01
  0.1000000000000000E+01
  0.1000000000000000E+01
  0.1000000000000000E+01
  0.1000000000000000E+01
  0.1000000000000000E+01
  0.1000000000000000E+01
  0.1000000000000000E+01
  0.1000000000000000E+01
  0.1000000000000000E+01
  0.1000000000000000E+01
  0.9747133722967761E+00
 -0.8829474464551895E+01
 -0.9068059544138547E+01
 -0.9783814782898503E+01
 -0.6400045413329581E+01
 -0.3714532149916466E+01
 -0.2077484361652707E+01
 -0.9618020359480096E+00
 -0.3102510761853557E+00
  0.5390766142531679E-01
  0.2705523055797934E+00
  0.4125569982605131E+00
  0.5145419245193067E+00
  0.5936699815881114E+00
  0.6593311487589912E+00
  0.7171244415233659E+00
  0.7704364307186936E+00
  0.8210912432582886E+00
  0.8693041064031517E+00
  0.9117551414438265E+00
  0.9400088438061208E+00
  0.9494267445935523E+00
 -0.8168366238677546E+01
 -0.4618403289410700E+01
  0.6031485558389838E+01
  0.1779607046508757E+01
 -0.1839012790681787E+01
 -0.1949455423618642E+01
 -0.1136340639720726E+01
 -0.5876698581201029E+00
 -0.2636794124494234E+00
 -0.5185961580545802E-01
  0.1025417782117216E+00
  0.2244341652867503E+00
  0.3267944171304282E+00
  0.4177087647087039E+00
  0.5030019537277527E+00
  0.5869879529032733E+00
  0.6721226749980199E+00
  0.7577744164613539E+00
  0.8362518843674857E+00
  0.8889641675501152E+00
  0.9065349286109917E+00
 -0.5349852552408792E+02
 -0.4143664413050546E+02
 -0.5250999949758082E+01
 -0.1221213954482858E+01
 -0.1611110711139274E+01
 -0.1538547461668908E+01
 -0.9763350655511932E+00
 -0.5660593164354347E+00
 -0.2986231644783977E+00
 -0.1110947425425489E+00
  0.3096860883509199E-01
  0.1457659113944767E+00
  0.2439790845971177E+00
  0.3327456289161778E+00
  0.4177752958498021E+00
  0.5043465016287485E+00
  0.5966762597359099E+00
  0.6947391688395028E+00
  0.7875258101085835E+00
  0.8499710793253281E+00
  0.8707861690642430E+00
 -0.1894509113176401E+02
 -0.1466394591133909E+02
 -0.1820510250064319E+01
 -0.2277891377638906E+01
 -0.1452131998439764E+01
 -0.1240197078087861E+01
 -0.8668388008289611E+00
 -0.5437091842469745E+00
 -0.2987239279774764E+00
 -0.1147520385227160E+00
  0.2746260806536967E-01
  0.1426231371245789E+00
  0.2406837880109411E+00
  0.3282633818815516E+00
  0.4104749781139479E+00
  0.4925727993706476E+00
  0.5798925348439842E+00
  0.6736192283263355E+00
  0.7623635996093044E+00
  0.8212638502501447E+00
  0.8408972671304249E+00
 -0.2362277824171458E+02
 -0.1916482422831278E+02
 -0.5790962188107395E+01
 -0.2548165144070623E+01
 -0.1545536740113268E+01
 -0.1157718707345116E+01
 -0.8293296782039932E+00
 -0.5370128395883402E+00
 -0.2995760586193411E+00
 -0.1145601815271798E+00
  0.3101027946710155E-01
  0.1500902861853292E+00
  0.2521393281156343E+00
  0.3431713514168703E+00
  0.4271270119544092E+00
  0.5077920439899977E+00
  0.5895350214851176E+00
  0.6735543282305926E+00
  0.7500426614214674E+00
  0.7991471230792120E+00
  0.8155152769651269E+00
 -0.1709378072967560E+02
 -0.1419154059367432E+02
 -0.5484820185670475E+01
 -0.2796296989373551E+01
 -0.1686406032581811E+01
 -0.1169720002986269E+01
 -0.8171039753194247E+00
 -0.5297115170665798E+00
 -0.2973035775044003E+00
 -0.1135893816381648E+00
  0.3312976889595597E-01
  0.1547600090217910E+00
  0.2603481067421435E+00
  0.3555128602644395E+00
  0.4431609135717673E+00
  0.5251304400566954E+00
  0.6034888081483309E+00
  0.6782653658582024E+00
  0.7418037415474478E+00
  0.7806509507141409E+00
  0.7936000204363719E+00
 -0.1444449528269689E+02
 -0.1237413729656691E+02
 -0.6163063338177000E+01
 -0.3045654884489545E+01
 -0.1785520083105794E+01
 -0.1183099900264898E+01
 -0.8039710417988769E+00
 -0.5175497054853464E+00
 -0.2908928213922936E+00
 -0.1107969821432968E+00
  0.3467726869108630E-01
  0.1566422239266075E+00
  0.2637531285563376E+00
  0.3614511291153267E+00
  0.4520499840182306E+00
  0.5357892436859463E+00
  0.6123057341153735E+00
  0.6800539052385111E+00
  0.7332768495027829E+00
  0.7640531499192447E+00
  0.7743119167247320E+00
 -0.1251936046338212E+02
 -0.1089611605305040E+02
 -0.6026382822055215E+01
 -0.3177882447984429E+01
 -0.1858925394343400E+01
 -0.1195818998125919E+01
 -0.7930524906865882E+00
 -0.5049922788080075E+00
 -0.2828508907812591E+00
 -0.1068084730194010E+00
  0.3620640378603089E-01
  0.1569514089744440E+00
  0.2637927076605164E+00
  0.3621029841775686E+00
  0.4539640603013015E+00
  0.5386458394646367E+00
  0.6139463382941930E+00
  0.6769198597891133E+00
  0.7231083912274268E+00
  0.7484540283015666E+00
  0.7569025739929465E+00
 -0.1101637469233651E+02
 -0.9750910070849967E+01
 -0.5954516206390340E+01
 -0.3293705162789179E+01
 -0.1929262250449829E+01
 -0.1215749533955884E+01
 -0.7891351669485854E+00
 -0.4957085533899019E+00
 -0.2754271698906893E+00
 -0.1025362630227261E+00
  0.3779223170380819E-01
  0.1564836761798111E+00
  0.2618467187495968E+00
  0.3592777857687029E+00
  0.4508249870288107E+00
  0.5353233449014571E+00
  0.6094996236532246E+00
  0.6694249893553448E+00
  0.7113182471182659E+00
  0.7333927206485974E+00
  0.7407508784920411E+00
 -0.9863221211166485E+01
 -0.8843447311615396E+01
 -0.5784125612962131E+01
 -0.3356445815759311E+01
 -0.1990592566987204E+01
 -0.1241473541450872E+01
 -0.7921786851446375E+00
 -0.4902812162954214E+00
 -0.2689592798016788E+00
 -0.9772778106753144E-01
  0.4017760883214583E-01
  0.1563058911742982E+00
  0.2592771832775516E+00
  0.3547101023922147E+00
  0.4447392937124247E+00
  0.5280729512036446E+00
  0.6009640294433650E+00
  0.6589208178103482E+00
  0.6983827535726637E+00
  0.7186543892882935E+00
  0.7254116011935036E+00
 -0.8947083533707710E+01
 -0.8110354895136220E+01
 -0.5600168979421752E+01
 -0.3393894385783253E+01
 -0.2045882919123430E+01
 -0.1270612350969895E+01
 -0.7994518115303573E+00
 -0.4864772919316782E+00
 -0.2614090156944086E+00
 -0.9029742768369590E-01
  0.4545830786791820E-01
  0.1584000287233340E+00
  0.2579272109651610E+00
  0.3502295694570078E+00
  0.4376862078368222E+00
  0.5190098006703607E+00
  0.5902933046612285E+00
  0.6467712192183896E+00
  0.6848432673643390E+00
  0.7041641099507188E+00
  0.7106043908128453E+00
 -0.8201768066529009E+01
 -0.7503938056926697E+01
 -0.5410448028119759E+01
 -0.3408491066816539E+01
 -0.2092121919264387E+01
 -0.1297794371056414E+01
 -0.8057221092624058E+00
 -0.4800448562989990E+00
 -0.2492635905632600E+00
 -0.7709675168347299E-01
  0.5655819988659208E-01
  0.1654393064839992E+00
  0.2601643591059987E+00
  0.3479135668511613E+00
  0.4315640911165018E+00
  0.5099338028012815E+00
  0.5790691005620200E+00
  0.6340627848669383E+00
  0.6711431666638777E+00
  0.6898990980406637E+00
  0.6961510751662591E+00
 -0.7583338124132564E+01
 -0.6993221951718081E+01
 -0.5222873434474634E+01
 -0.3404003845441387E+01
 -0.2124386864691084E+01
 -0.1316473808605155E+01
 -0.8064338396402654E+00
 -0.4684559360007470E+00
 -0.2308992206960880E+00
 -0.5659965047796659E-01
  0.7518948125404271E-01
  0.1793604301096248E+00
  0.2680500556024648E+00
  0.3497493480300928E+00
  0.4281292230383774E+00
  0.5023225328653784E+00
  0.5684457255731958E+00
  0.6215196750473021E+00
  0.6575361468463424E+00
  0.6757818297987446E+00
  0.6818637241162119E+00
 -0.7060276522045339E+01
 -0.6554577560452946E+01
 -0.5037480675675769E+01
 -0.3378840208072081E+01
 -0.2138470230645572E+01
 -0.1326731181122295E+01
 -0.8061281332082438E+00
 -0.4575040415655579E+00
 -0.2111099779655063E+00
 -0.3214391852890033E-01
  0.9922347628276408E-01
  0.1991639073971797E+00
  0.2816652712997744E+00
  0.3565685490966281E+00
  0.4284695726678849E+00
  0.4971405369721616E+00
  0.5590793153836752E+00
  0.6094215918298749E+00
  0.6439418291556326E+00
  0.6614690248606564E+00
  0.6673114234289976E+00
 -0.6614346520726594E+01
 -0.6175946680456095E+01
 -0.4860747159644600E+01
 -0.3336790495120596E+01
 -0.2145724043096174E+01
 -0.1349568335010422E+01
 -0.8270329421738590E+00
 -0.4645041157093906E+00
 -0.2017207572334869E+00
 -0.1228852353894540E-01
  0.1216353689282765E+00
  0.2191778931590380E+00
  0.2970865597083288E+00
  0.3661845873235149E+00
  0.4316106094892483E+00
  0.4939572113563414E+00
  0.5505862397805751E+00
  0.5971759185420780E+00
  0.6294738967425449E+00
  0.6457769925104203E+00
  0.6512113577663786E+00
 -0.6213511035495348E+01
 -0.5827078539479408E+01
 -0.4667781051431584E+01
 -0.3293577974566064E+01
 -0.2188680160204574E+01
 -0.1430711870402249E+01
 -0.9017894806805608E+00
 -0.5079954533545662E+00
 -0.2135166216023437E+00
 -0.6136168854244630E-02
  0.1324612710870779E+00
  0.2289194357576284E+00
  0.3045724402501812E+00
  0.3705442105817967E+00
  0.4314392049795111E+00
  0.4882416371082343E+00
  0.5393867863728123E+00
  0.5815554239850909E+00
  0.6108104196606124E+00
  0.6249848428480402E+00
  0.6297096505771829E+00
 -0.5895871079255350E+01
 -0.5563396060827944E+01
 -0.4565971005545724E+01
 -0.3316543760496970E+01
 -0.2322280819624045E+01
 -0.1594578679325002E+01
 -0.1028190302232571E+01
 -0.5774497597439806E+00
 -0.2406098370115113E+00
 -0.1590714032975354E-01
  0.1229504051534960E+00
  0.2150865558071896E+00
  0.2878025790354962E+00
  0.3520420933340912E+00
  0.4108463760425686E+00
  0.4645699760125019E+00
  0.5120565544440222E+00
  0.5507380585881986E+00
  0.5769266945716647E+00
  0.5879181901201178E+00
  0.5915820219696022E+00
 -0.5444437965661522E+01
 -0.5136841560163149E+01
 -0.4214052343668034E+01
 -0.3289030689342379E+01
 -0.2433060112434141E+01
 -0.1689181291248602E+01
 -0.1071232665065648E+01
 -0.5874268474705145E+00
 -0.2443221817729838E+00
 -0.3104922975424601E-01
  0.9057629000416352E-01
  0.1671303138549106E+00
  0.2282225312557506E+00
  0.2843621631589444E+00
  0.3375301648232854E+00
  0.3873280358812345E+00
  0.4323296023334781E+00
  0.4698235157369703E+00
  0.4952647926318575E+00
  0.5038674826244954E+00
  0.5067350459553747E+00
 -0.5994874566857400E+01
 -0.5577400805295582E+01
 -0.4324979520610130E+01
 -0.2962809807505609E+01
 -0.1929019284598484E+01
 -0.1217341088026238E+01
 -0.7270980452652017E+00
 -0.3875379024016786E+00
 -0.1636051676200119E+00
 -0.3011006297381960E-01
  0.4350412710464987E-01
  0.8775048643967502E-01
  0.1221766645095477E+00
  0.1545668791635924E+00
  0.1868613109990041E+00
  0.2192193496918272E+00
  0.2510710156235461E+00
  0.2806584900532371E+00
  0.3036688172005961E+00
  0.3128247110973456E+00
  0.3158766757295954E+00
 -0.2997437283428700E+01
  0.0000000000000000E+00
  0.0000000000000000E+00
  0.0000000000000000E+00
  0.0000000000000000E+00
  0.0000000000000000E+00
  0.0000000000000000E+00
  0.0000000000000000E+00
  0.0000000000000000E+00
  0.0000000000000000E+00
  0.0000000000000000E+00
  0.0000000000000000E+00
  0.0000000000000000E+00
  0.0000000000000000E+00
  0.0000000000000000E+00
  0.0000000000000000E+00
  0.0000000000000000E+00
  0.0000000000000000E+00
  0.0000000000000000E+00
  0.0000000000000000E+00
  0.1579383378647977E+00
