 -0.3388131789017201E-20
  0.3726944967918921E-19
  0.1168905467210934E-18
 -0.9656175598699024E-19
 -0.1389134033497053E-18
  0.7453889935837843E-19
 -0.1355252715606881E-19
 -0.2151463686025923E-18
  0.5590417451878382E-19
 -0.2998496633280223E-18
 -0.6776263578034403E-19
  0.1355252715606881E-19
 -0.5387129544537350E-18
  0.8588914085158605E-18
 -0.2151463686025923E-18
  0.3218725199566341E-19
 -0.8131516293641283E-19
  0.1558540622947913E-18
 -0.2286988957586611E-18
  0.3879410898424696E-18
  0.1778769189234031E-18
 -0.1118083490375676E-18
  0.1905842621900449E+02
  0.1210582089047904E+02
  0.7361334489520920E+01
  0.5048557401205181E+01
  0.3995596805217553E+01
  0.3395790188356675E+01
  0.2866099467585262E+01
  0.2312090045269648E+01
  0.1745759818509691E+01
  0.1180497657569422E+01
  0.6090166296660784E+00
  0.6119651917324107E-02
 -0.6674925958649846E+00
 -0.1454961831406724E+01
 -0.2392621576119147E+01
 -0.3474649962912222E+01
 -0.4490133589774493E+01
 -0.4689597307257294E+01
 -0.2864707197654568E+01
 -0.7792703114739563E-19
 -0.2253107639696439E-18
 -0.7983489591683089E+01
  0.8592292565926927E+01
  0.1136997291825667E+02
  0.1002801281568155E+02
  0.8305974674722718E+01
  0.6890945819746635E+01
  0.5722254998965520E+01
  0.4670214983024729E+01
  0.3645616082439568E+01
  0.2582056424776154E+01
  0.1430305797237138E+01
  0.1636127935617139E+00
 -0.1219654411951226E+01
 -0.2674140135345708E+01
 -0.4058548372364867E+01
 -0.5082897968682272E+01
 -0.5288256519724625E+01
 -0.4197139070000367E+01
 -0.1916956870375473E+01
  0.1473837328222483E-18
  0.6437450399132683E-19
  0.9356134220040879E-01
  0.5375683733510640E+01
  0.9275164470966219E+01
  0.9699321717103228E+01
  0.8698238756355087E+01
  0.7397328573184261E+01
  0.6206594944428316E+01
  0.5164126926690209E+01
  0.4167849766863128E+01
  0.3091946869186565E+01
  0.1849105652050088E+01
  0.4226440441308020E+00
 -0.1130333097069925E+01
 -0.2686407626493905E+01
 -0.4058666414265494E+01
 -0.5013787896022336E+01
 -0.5281155599095955E+01
 -0.4434741377872149E+01
 -0.2116726455132114E+01
  0.5590417451878382E-18
 -0.1863472483959461E-19
 -0.1727777023636379E+01
  0.4534112746522969E+01
  0.7913553190018116E+01
  0.8204530472094184E+01
  0.7358930794211004E+01
  0.6274129223463859E+01
  0.5312532861855950E+01
  0.4511216247674529E+01
  0.3759575885371543E+01
  0.2919992039445032E+01
  0.1897682662673867E+01
  0.6755758421673421E+00
 -0.6859893186314380E+00
 -0.2078438029532172E+01
 -0.3377001911854019E+01
 -0.4438383192053741E+01
 -0.4975784007197491E+01
 -0.4333766474147557E+01
 -0.2116423399050558E+01
  0.1880413142904547E-18
 -0.1219727444046192E-18
  0.9636410391212246E+00
  0.4302463495316803E+01
  0.6869771988479754E+01
  0.7075629088532302E+01
  0.6182110132907250E+01
  0.5181075152704327E+01
  0.4382062707733808E+01
  0.3769104087931502E+01
  0.3218036573089851E+01
  0.2600638539133242E+01
  0.1830669466171851E+01
  0.8810219905282424E+00
 -0.2237137137727310E+00
 -0.1435323456509539E+01
 -0.2700994805739779E+01
 -0.3913163722976701E+01
 -0.4714699300835925E+01
 -0.4316380704887955E+01
 -0.2194851195932249E+01
 -0.5082197683525802E-20
  0.2083701050245579E-18
  0.1464883316599749E+01
  0.4348785461777124E+01
  0.6169155379090541E+01
  0.6299942222137630E+01
  0.5484179049564094E+01
  0.4568756615768784E+01
  0.3861626619008177E+01
  0.3343720568526749E+01
  0.2897525313214851E+01
  0.2410909776159759E+01
  0.1809062518349291E+01
  0.1056464968016901E+01
  0.1433223346504347E+00
 -0.9341324694754036E+00
 -0.2170951013537378E+01
 -0.3472803977333276E+01
 -0.4450010894399358E+01
 -0.4265691545664059E+01
 -0.2272961126881321E+01
 -0.2320870275476783E-18
  0.1016439536705160E-19
  0.2172930012037437E+01
  0.4459454974214620E+01
  0.5562928876137032E+01
  0.5578222108521586E+01
  0.4945010695405784E+01
  0.4203639902308285E+01
  0.3606338627322279E+01
  0.3158413800873346E+01
  0.2772154543612219E+01
  0.2357695432307159E+01
  0.1852920026763737E+01
  0.1221695025165404E+01
  0.4378791577592890E+00
 -0.5303874732232935E+00
 -0.1708893417034497E+01
 -0.3030920306101113E+01
 -0.4137496697665094E+01
 -0.4192819583650491E+01
 -0.2369110061661661E+01
  0.1660184576618429E-18
 -0.9994988777600744E-19
  0.2576376507919822E+01
  0.4434119754150053E+01
  0.4955571963760244E+01
  0.4827357576640254E+01
  0.4371535869327764E+01
  0.3849128585567210E+01
  0.3402817857134992E+01
  0.3044224538196369E+01
  0.2718310473244417E+01
  0.2360578599976739E+01
  0.1923752219694108E+01
  0.1378774756986040E+01
  0.6991984217803875E+00
 -0.1568724687041410E+00
 -0.1240208927230189E+01
 -0.2533215820915566E+01
 -0.3751301543430068E+01
 -0.4082023032142267E+01
 -0.2481518342662230E+01
  0.1711006553453687E-18
 -0.2608861477543245E-18
  0.2941607675071735E+01
  0.4331906631131437E+01
  0.4321893777366397E+01
  0.4060117429339875E+01
  0.3758236021948286E+01
  0.3451565525005821E+01
  0.3171343401137539E+01
  0.2919655875985324E+01
  0.2665827171619207E+01
  0.2367608440281969E+01
  0.1992325505499885E+01
  0.1522530289037195E+01
  0.9418867888940263E+00
  0.2102686789444388E+00
 -0.7449047810679922E+00
 -0.1969510965611876E+01
 -0.3282659025765252E+01
 -0.3924503232708769E+01
 -0.2615785617757842E+01
  0.1812650507124203E-18
  0.9994988777600744E-19
  0.3266761201465559E+01
  0.4109112352116841E+01
  0.3627674552745822E+01
  0.3288433924365834E+01
  0.3144671107476919E+01
  0.3039139113689301E+01
  0.2917702914569947E+01
  0.2776252609627398E+01
  0.2602168407779391E+01
  0.2368497334774740E+01
  0.2053125562089858E+01
  0.1651238247226879E+01
  0.1163913117431212E+01
  0.5641452019033351E+00
 -0.2345348000893680E+00
 -0.1347191118640616E+01
 -0.2723257833286634E+01
 -0.3703202358147996E+01
 -0.2777044550889716E+01
  0.2202285662861181E-18
 -0.5759824041329242E-19
  0.3589663110273360E+01
  0.3727620634972796E+01
  0.2838359271873297E+01
  0.2512603980994460E+01
  0.2553817870232768E+01
  0.2635718181651215E+01
  0.2656779398397742E+01
  0.2621888211145751E+01
  0.2533175614011563E+01
  0.2369804313345575E+01
  0.2112848531187230E+01
  0.1768237595615183E+01
  0.1360543548758998E+01
  0.8901882796664398E+00
  0.2730773278445567E+00
 -0.6715922714937014E+00
 -0.2052057521787968E+01
 -0.3386870563796647E+01
 -0.2972225355532954E+01
  0.1592421940838085E-18
 -0.7962109704190423E-19
  0.3964591633187203E+01
  0.3285176998147936E+01
  0.1992820887577330E+01
  0.1752051969065256E+01
  0.1999725513630926E+01
  0.2248154384156751E+01
  0.2389920100575469E+01
  0.2456986289720832E+01
  0.2461823556846517E+01
  0.2378015932939084E+01
  0.2179862094021860E+01
  0.1879479086911350E+01
  0.1529339351816017E+01
  0.1174270263592433E+01
  0.7578059475261454E+00
  0.4508444468664707E-01
 -0.1264827020760044E+01
 -0.2966662789159595E+01
 -0.3231187460150871E+01
  0.3777766944754180E-18
 -0.1338312056661795E-18
  0.4319761546854319E+01
  0.2277587130112334E+01
  0.9345960606080899E+00
  0.1000791564348922E+01
  0.1498733845381114E+01
  0.1881626252674805E+01
  0.2115014072254294E+01
  0.2279594123749759E+01
  0.2389389822869959E+01
  0.2397936730096038E+01
  0.2261555394399147E+01
  0.1991546566260470E+01
  0.1668649375713613E+01
  0.1399296441948086E+01
  0.1193878544319572E+01
  0.7993293534826091E+00
 -0.2926181357009733E+00
 -0.2235843966885791E+01
 -0.3582270110665759E+01
  0.3049318610115481E-19
 -0.1321371397716709E-18
  0.5487116955168984E+01
  0.1646110540960674E+01
 -0.2027762389201411E-01
  0.4044721331981463E+00
  0.1116982222990521E+01
  0.1558729425407624E+01
  0.1841436803044465E+01
  0.2099110018922415E+01
  0.2326547197422663E+01
  0.2439778595971189E+01
  0.2367597210949704E+01
  0.2112886723066299E+01
  0.1777581060381320E+01
  0.1538971550307031E+01
  0.1526640234571320E+01
  0.1535579303169412E+01
  0.7715977515898369E+00
 -0.1466743451486992E+01
 -0.4197990162395032E+01
 -0.1135024149320762E-18
  0.1863472483959461E-19
  0.4041535538464667E+01
 -0.8567702265716944E+00
 -0.1273328800248398E+01
 -0.4188285155617417E-01
  0.8629429660596277E+00
  0.1279706552874733E+01
  0.1578978949014170E+01
  0.1935639563410230E+01
  0.2296040287938600E+01
  0.2522937245623556E+01
  0.2514512346933830E+01
  0.2262816787759358E+01
  0.1879841980568888E+01
  0.1609463070950257E+01
  0.1756839384941423E+01
  0.2290000367079856E+01
  0.2101634409906308E+01
  0.4597696060539617E+00
 -0.3634208972049817E+01
  0.8470329472543003E-20
  0.7453889935837843E-19
  0.9936681014286579E+01
 -0.1631979764498845E+01
 -0.2722846423306119E+01
 -0.6506478991818982E+00
  0.5256758971124104E+00
  0.9454145377450116E+00
  0.1293379321138255E+01
  0.1779820271367136E+01
  0.2293419286127578E+01
  0.2645240061014302E+01
  0.2709648520365575E+01
  0.2474209898119534E+01
  0.2060800592716897E+01
  0.1780813481755250E+01
  0.2171558280618965E+01
  0.3519604915197326E+01
  0.4031103581596451E+01
  0.2069798972103442E+01
 -0.8342831926561214E+01
 -0.5590417451878382E-19
  0.3049318610115481E-19
  0.6444793025278385E+00
 -0.6290178862288147E+01
 -0.5504763917059234E+01
 -0.1680043756385448E+01
 -0.9469721158408352E-01
  0.4251870275503796E+00
  0.8952682209672023E+00
  0.1531945675131006E+01
  0.2193876089995882E+01
  0.2680964067143829E+01
  0.2862834457440217E+01
  0.2723369188410625E+01
  0.2388658128605148E+01
  0.2212826024334006E+01
  0.2936447761026210E+01
  0.5475277666959140E+01
  0.8797062864989666E+01
  0.6251330449033761E+01
 -0.1024364904087980E+01
  0.6776263578034403E-20
 -0.6776263578034403E-20
  0.1576308392894586E+02
 -0.4509446454076345E+01
 -0.4507890928155235E+01
 -0.1819348998440428E+01
 -0.7703112411969422E+00
 -0.2339361432917519E+00
  0.3523013214165544E+00
  0.1041091873576208E+01
  0.1724813622916880E+01
  0.2281223279663080E+01
  0.2620123885728659E+01
  0.2715857423123819E+01
  0.2641734549086816E+01
  0.2621490829638503E+01
  0.3148974749559289E+01
  0.5177724094074897E+01
  0.8924446237201595E+01
  0.6453804416236918E+01
 -0.1430579882542825E+02
  0.3388131789017201E-19
 -0.8470329472543003E-20
 -0.2733431892457493E+02
 -0.5856947642933679E+01
 -0.1406343495448921E+01
 -0.1349246859797897E+01
 -0.1117092624702071E+01
 -0.5971610214250902E+00
 -0.8500804768053273E-01
  0.3653101008493646E+00
  0.7698244294956431E+00
  0.1138683537829595E+01
  0.1466039791922428E+01
  0.1747420793268321E+01
  0.1991651530261107E+01
  0.2176778003130196E+01
  0.2136799817237740E+01
  0.1784267093646613E+01
  0.2465028604222513E+01
  0.7499159606607789E+01
  0.2360062075468554E+02
 -0.3896351557369782E-19
  0.3218725199566341E-19
 -0.8470329472543003E-20
  0.5421010862427522E-19
 -0.6776263578034403E-20
  0.8470329472543003E-20
  0.2710505431213761E-19
  0.7284483346386983E-19
  0.2541098841762901E-19
 -0.6776263578034403E-20
 -0.2879912020664621E-19
  0.1694065894508601E-19
 -0.1694065894508601E-20
 -0.3388131789017201E-19
 -0.9994988777600744E-19
  0.4235164736271502E-19
 -0.7453889935837843E-19
 -0.6776263578034403E-20
  0.2879912020664621E-19
 -0.8470329472543003E-20
 -0.1355252715606881E-19
 -0.3896351557369782E-19
  0.3729238506685007E+05
  0.3729238506685007E+05
  0.1720923061319257E+05
  0.9017798468302321E+04
  0.5820125806873090E+04
  0.4641129019261767E+04
  0.4041051837770729E+04
  0.3446171785948233E+04
  0.2767765154229531E+04
  0.2063878818455271E+04
  0.1373628699611134E+04
  0.6946486172852377E+03
 -0.8788061376008695E+01
 -0.8012858495616646E+03
 -0.1763072748803817E+04
 -0.2987611029863784E+04
 -0.4556169163124838E+04
 -0.6289766234120511E+04
 -0.7068798432362092E+04
 -0.4408103428410862E+04
 -0.4408104452910404E+04
  0.3729238506685007E+05
 -0.2884454857125426E+05
 -0.5364491955111203E+04
 -0.3683946882780999E+03
  0.4762857880452949E+03
  0.3071740082112453E+03
  0.6779253362872609E+02
 -0.1370505469123974E+02
  0.1348563481453250E+02
  0.6206580264624512E+02
  0.8593689450857512E+02
  0.7234263306784965E+02
  0.3226328691588363E+02
  0.5895167901561188E+00
  0.3423720629847420E+02
  0.2329304481752410E+03
  0.7731786637866716E+03
  0.1803212173941620E+04
  0.2882563662732809E+04
  0.1940909787350582E+04
 -0.4408105477409945E+04
 -0.2151583456757070E+05
  0.2387129468612565E+05
 -0.6540395548707957E+04
 -0.4210851337671122E+04
 -0.2486243606506026E+04
 -0.1633497686077411E+04
 -0.1242917671068216E+04
 -0.1015257973755967E+04
 -0.8230569294657228E+03
 -0.6331668390357933E+03
 -0.4367780803055870E+03
 -0.2293775987148789E+03
 -0.5653947963366356E+01
  0.2519949276676417E+03
  0.5577658317082052E+03
  0.8688198966011469E+03
  0.1030655186015792E+04
  0.7808486698144277E+03
 -0.9274853330517718E+00
 -0.6042980785045762E+03
 -0.1998200507757512E+04
  0.1054239229343805E+04
 -0.1883931244098658E+04
  0.3757822520117130E+03
 -0.9932089668104281E+03
 -0.9187118919893639E+03
 -0.7789632963612588E+03
 -0.6053829310251049E+03
 -0.4990017715652959E+03
 -0.4508023234028191E+03
 -0.4170076802675184E+03
 -0.3526885624412980E+03
 -0.2314090570028887E+03
 -0.5746481434204284E+02
  0.1403411921147176E+03
  0.3200214541302602E+03
  0.4284385547712840E+03
  0.4519528420652802E+03
  0.5616148130192306E+03
  0.8414548751387122E+03
 -0.4863306933967244E+00
 -0.2539830019113153E+04
 -0.4573816936531314E+04
  0.5000969139915554E+04
 -0.1312319926484133E+04
 -0.1194873251723296E+04
 -0.2216356165821648E+03
  0.3973499642597260E+02
  0.1124891815866589E+03
  0.8432299628347704E+02
  0.6813483618782002E+01
 -0.7514653140433049E+02
 -0.1260592414310160E+03
 -0.1256142177700557E+03
 -0.7834773907533643E+02
 -0.1318445050549111E+02
  0.3739348924610113E+02
  0.6958894317653319E+02
  0.1598365740401990E+03
  0.4496886565564716E+03
  0.6477976617754970E+03
 -0.7186020946227495E+02
 -0.2503779412224922E+04
  0.1119368087226646E+04
  0.7400225051267094E+02
 -0.2532532504807504E+03
 -0.8932448193989886E+03
 -0.2799050161809464E+03
  0.1925111021886621E+03
  0.3067575929833524E+03
  0.2617525522732702E+03
  0.1676692569066583E+03
  0.7315234250809445E+02
 -0.2145168272204784E+01
 -0.5073416973759541E+02
 -0.7490095051046549E+02
 -0.8552976725616031E+02
 -0.8760399984197598E+02
 -0.5257934802457353E+02
  0.1118711742232947E+03
  0.4903675546260571E+03
  0.7793143338579562E+03
  0.2945582028581322E+02
 -0.2648550836648154E+04
  0.1432695287914691E+04
  0.6503292792333930E+03
 -0.4619995790943621E+03
 -0.6888217624338470E+03
 -0.3676997704817513E+03
  0.3737076635386633E+02
  0.1932004619600323E+03
  0.1873134639964715E+03
  0.1276125244315699E+03
  0.6390163454067579E+02
  0.1011353644931711E+02
 -0.3302019359574552E+02
 -0.6791320090129075E+02
 -0.9555645070346438E+02
 -0.1064611988885257E+03
 -0.6294114819925830E+02
  0.1166308857198809E+03
  0.4906862190775466E+03
  0.8038442849222623E+03
  0.1048766785813575E+03
 -0.2779993236009982E+04
  0.2645716985479527E+04
 -0.7640209748926247E+02
 -0.5826554833762038E+03
 -0.4495622610059817E+03
 -0.2776112577451746E+03
 -0.5363414863872000E+02
  0.6400272007332788E+02
  0.7910272704157953E+02
  0.5026963488814321E+02
  0.1462417618776936E+02
 -0.1550248619413113E+02
 -0.4043157048211497E+02
 -0.6386463796862177E+02
 -0.8645653797142585E+02
 -0.9782595399714674E+02
 -0.6267871055496840E+02
  0.9408471400786364E+02
  0.4508108673616725E+03
  0.8390612372806255E+03
  0.2116564710731861E+03
 -0.2948761919324855E+04
  0.3243021430938229E+04
 -0.3027394271456860E+03
 -0.6053159621974933E+03
 -0.2579420051793549E+03
 -0.1355307009423526E+03
 -0.4012220095818464E+02
  0.1485844896060052E+02
  0.2327717035043722E+02
  0.6800515141630125E+01
 -0.1467781749642678E+02
 -0.3197524425635765E+02
 -0.4504159630725505E+02
 -0.5876931407671347E+02
 -0.7719974077944779E+02
 -0.9470974190771138E+02
 -0.8106863873287799E+02
  0.3935906461975171E+02
  0.3802258346541086E+03
  0.8607069214835584E+03
  0.3436618533929388E+03
 -0.3149654624066082E+04
  0.3848206367354621E+04
 -0.6365545249372466E+03
 -0.6417951131107839E+03
 -0.9368097238729439E+02
 -0.1155343968612937E+02
 -0.1332938714728599E+01
  0.5749702090093038E+01
  0.3336315753817954E+01
 -0.8548833316494928E+01
 -0.2315793946837231E+02
 -0.3435115023173031E+02
 -0.4135828779433466E+02
 -0.4973407533545664E+02
 -0.6748275297219108E+02
 -0.9536216416235746E+02
 -0.1090966978703722E+03
 -0.3133756153803726E+02
  0.2870869568973565E+03
  0.8693557919102261E+03
  0.5120305226485629E+03
 -0.3394959780042334E+04
  0.4405445644146216E+04
 -0.9706646384320583E+03
 -0.6097020977836110E+03
  0.6348302765900993E+02
  0.8291255271073105E+02
  0.2123751886338732E+02
 -0.3859755412063975E+01
 -0.1018399908089039E+02
 -0.1671190957989772E+02
 -0.2603410899037932E+02
 -0.3308726235744994E+02
 -0.3528918779157772E+02
 -0.3800953844766219E+02
 -0.5322983151155445E+02
 -0.8975975140598733E+02
 -0.1321379366769800E+03
 -0.1041226061233950E+03
  0.1753805788698477E+03
  0.8533732924979610E+03
  0.7267859271881192E+03
 -0.3695848311644715E+04
  0.4987531377981589E+04
 -0.1359871548059823E+04
 -0.3874115925216690E+03
  0.2689997843087843E+03
  0.1580707252429272E+03
  0.2341065891863422E+02
 -0.2148408620201639E+02
 -0.2454814374915954E+02
 -0.2489875176983791E+02
 -0.3081433037806713E+02
 -0.3544437131939444E+02
 -0.3273462878255818E+02
 -0.2675248453169145E+02
 -0.3340738022830424E+02
 -0.7216418956304746E+02
 -0.1424074947940513E+03
 -0.1778329847160486E+03
  0.2177044825253328E+02
  0.7645934740410341E+03
  0.9975195091894349E+03
 -0.4065432200841296E+04
  0.5690262765736235E+04
 -0.1865505895392870E+04
 -0.4405323261185900E+03
  0.3940660370826330E+03
  0.1915238463268849E+03
  0.7206798615168918E+01
 -0.3947763451578905E+02
 -0.3283161602641194E+02
 -0.2896981419715295E+02
 -0.3622762085124692E+02
 -0.4249567122563997E+02
 -0.3644093878146595E+02
 -0.1937955469208448E+02
 -0.1041489731292106E+02
 -0.4192719088538290E+02
 -0.1348001736498190E+03
 -0.2389868662136468E+03
 -0.1315133691294644E+03
  0.7074987965492396E+03
  0.1361436593524098E+04
 -0.4558145444513127E+04
  0.6293663762449134E+04
 -0.2219900121421322E+04
  0.7481150632259745E+03
  0.6851820405799650E+03
  0.2253411852470069E+03
 -0.1347976072156674E+02
 -0.4544259690958569E+02
 -0.2478299493502967E+02
 -0.2149116342725994E+02
 -0.3715829925797978E+02
 -0.5134166899895155E+02
 -0.4625473593497819E+02
 -0.1866507443041506E+02
  0.1164775684056680E+02
 -0.1199934774990623E+01
 -0.1103169624297099E+03
 -0.3010278335623540E+03
 -0.3659999657886170E+03
  0.1115232575161618E+03
  0.1865623485692624E+04
 -0.5231538309773544E+04
  0.8972752117673179E+04
 -0.4776423935409983E+04
  0.3126065884367336E+03
  0.7577394021971502E+03
  0.1438413611171817E+03
 -0.7224799946627060E+02
 -0.4349624180795806E+02
  0.5427474765336751E+00
 -0.1681090475825601E+01
 -0.3226696874148389E+02
 -0.5938914318813462E+02
 -0.5965808366359185E+02
 -0.2376588294750240E+02
  0.3554510099267822E+02
  0.6886166913477786E+02
 -0.2242188568499145E+02
 -0.3190197352021640E+03
 -0.5448385742358394E+03
  0.1375474377978955E+03
  0.3243495149487334E+04
 -0.6659338622123638E+04
  0.5169665374284524E+04
 -0.6396457453269911E+03
  0.3332602847776804E+04
  0.5932327610407755E+03
 -0.2578566137704877E+03
 -0.2466185127634162E+03
 -0.6153030193092986E+02
  0.2315311129041668E+02
  0.1035450082088759E+02
 -0.3941605895149004E+02
 -0.7748170489406795E+02
 -0.7876722102607113E+02
 -0.3043693768589365E+02
  0.7504686838336319E+02
  0.2190246095733824E+03
  0.2680141739865560E+03
 -0.1041777805887879E+03
 -0.3961866160406210E+03
 -0.1625465547453967E+04
  0.9823133328435753E+03
 -0.4852209902301994E+04
  0.1926255443920556E+05
 -0.1467707515485013E+05
  0.3416764488711089E+04
  0.4155023523904441E+03
 -0.7188412486853701E+03
 -0.4483186338974576E+03
 -0.9318856856240907E+02
  0.1920396907767622E+02
 -0.2166437403345060E+02
 -0.1006639458147585E+03
 -0.1459309889112656E+03
 -0.1324034620984434E+03
 -0.5337433667906929E+02
  0.1142605916385898E+03
  0.3957093681850956E+03
  0.6279424043239062E+03
  0.5822758416895060E+02
  0.6139544269197854E+03
 -0.3143488467789624E+04
  0.1231302075392758E+05
 -0.1616791435773514E+05
 -0.2592958533856995E+04
  0.6732667347684048E+04
  0.6992570459387631E+04
  0.2973345434925679E+04
 -0.7017526954538588E+03
 -0.4482131572066775E+03
 -0.6176261955386117E+02
  0.1119234919982696E+02
 -0.9209792966564405E+02
 -0.2252750057691460E+03
 -0.3014665732092237E+03
 -0.2862487653854972E+03
 -0.1747073434774338E+03
  0.4098073968428633E+02
  0.3628037834179781E+03
  0.5623987061124053E+03
 -0.4720549788327665E+03
 -0.4646266221990199E+04
 -0.4259106947527842E+04
 -0.4919936128015991E+04
  0.1230729483053393E+04
  0.3776602394760122E+05
 -0.3770064759319593E+05
  0.8658239073185059E+04
  0.1545502740089509E+04
 -0.6121637872758527E+03
 -0.7975371318483919E+02
  0.1476422811380086E+03
  0.8308977983328373E+02
 -0.9008960722479060E+02
 -0.2726136953618979E+03
 -0.4214074647609357E+03
 -0.5022783384208088E+03
 -0.4868664765215649E+03
 -0.3617148421252767E+03
 -0.1359610479313530E+03
  0.1094391964442207E+03
 -0.4643631144175794E+03
 -0.5401437641205924E+04
 -0.8685652693205880E+04
  0.3450130119920008E+05
 -0.3441761891080752E+05
 -0.5664986341805505E+05
  0.4769736337223263E+05
 -0.3928927203855038E+04
 -0.2435484507053355E+04
  0.4216809156729962E+03
  0.7006605296740306E+03
  0.3810428966544387E+03
  0.1841930311358037E+03
  0.1058671376424576E+03
  0.5980381566301433E+02
 -0.1505865964610907E+02
 -0.1431723760783847E+03
 -0.3264537613772924E+03
 -0.5602690935263178E+03
 -0.7828679108220920E+03
 -0.5748717519134315E+03
  0.1056993624878615E+04
  0.3339103308713345E+04
  0.1009126109411226E+04
 -0.4048364768851834E+05
  0.4856258478634408E+05
 -0.5664987319357321E+05
 -0.5664988296909136E+05
 -0.5063877549349223E+04
 -0.4698708966129250E+03
 -0.1829937606398093E+04
 -0.1690842173536386E+04
 -0.9071150798042044E+03
 -0.1941062305469348E+03
  0.3854388004237522E+03
  0.8938879306537596E+03
  0.1373950348946335E+04
  0.1830834934510233E+04
  0.2260133019971246E+04
  0.2670117736390237E+04
  0.3003569038273218E+04
  0.2851597108583032E+04
  0.1612624912334053E+04
  0.1288484345680616E+04
  0.8494433568851986E+04
  0.4856258478634408E+05
  0.4856258478634408E+05
 -0.6272680808458110E+01
  0.1000000000000000E+01
  0.1000000000000000E+01
  0.1000000000000000E+01
  0.1000000000000000E+01
  0.1000000000000000E+01
  0.1000000000000000E+01
  0.1000000000000000E+01
  0.1000000000000000E+01
  0.1000000000000000E+01
  0.1000000000000000E+01
  0.1000000000000000E+01
  0.1000000000000000E+01
  0.1000000000000000E+01
  0.1000000000000000E+01
  0.1000000000000000E+01
  0.1000000000000000E+01
  0.1000000000000000E+01
  0.1000000000000000E+01
  0.1000000000000000E+01
  0.4012028034336655E+01
 -0.1354536161691622E+02
 -0.1137544054103898E+02
 -0.4865677313407243E+01
 -0.2612155394281467E+01
 -0.1562871629511373E+01
 -0.9793721501560306E+00
 -0.5478215153787295E+00
 -0.1707766482965926E+00
  0.1557031312636836E+00
  0.4253643503430402E+00
  0.6448650512940142E+00
  0.8337566163660308E+00
  0.1027251269298112E+01
  0.1274824533431608E+01
  0.1626750912876266E+01
  0.2132058163000515E+01
  0.2863584084974831E+01
  0.3922050614498604E+01
  0.5314500158622275E+01
  0.6596667091160551E+01
  0.7024056068673310E+01
 -0.1240382074141439E+02
 -0.1052732688969862E+02
 -0.4897845334551326E+01
 -0.3406725390401713E+01
 -0.2573071489550621E+01
 -0.1895409998777127E+01
 -0.1296657427033053E+01
 -0.7618920077646965E+00
 -0.2998040143599358E+00
  0.8899050784925211E-01
  0.4187908100543737E+00
  0.7163703433366999E+00
  0.1027119630561326E+01
  0.1413562473178396E+01
  0.1926699117354361E+01
  0.2581489970808122E+01
  0.3366670005930279E+01
  0.4260046065337375E+01
  0.5218594778361696E+01
  0.6168859040776403E+01
  0.6485613794914639E+01
 -0.2866310535661282E+02
 -0.2333329890355961E+02
 -0.7343879544399980E+01
 -0.3271428016292389E+01
 -0.2229963006287044E+01
 -0.1679673150066716E+01
 -0.1160112998622064E+01
 -0.6790450776894813E+00
 -0.2659427279887875E+00
  0.8409974714272163E-01
  0.3937757249162926E+00
  0.6914070959836990E+00
  0.1012727283570733E+01
  0.1400224759010534E+01
  0.1886766140728651E+01
  0.2489680740462289E+01
  0.3250047744676420E+01
  0.4274554601201065E+01
  0.5565851602503352E+01
  0.6603898816073087E+01
  0.6949914553929665E+01
 -0.1293969104117359E+02
 -0.1177729214171973E+02
 -0.8290095443358164E+01
 -0.3798956210315895E+01
 -0.1982371050149235E+01
 -0.1305846536715506E+01
 -0.8290568746331184E+00
 -0.4275580883056656E+00
 -0.9142751432661993E-01
  0.1954788862856841E+00
  0.4566102790092928E+00
  0.7166808866579322E+00
  0.1002023799475364E+01
  0.1341664160293300E+01
  0.1766765850492838E+01
  0.2322985380866456E+01
  0.3106264755659354E+01
  0.4246483441629861E+01
  0.5672404632839609E+01
  0.6876926971407368E+01
  0.7278434417596621E+01
 -0.1459460510072409E+02
 -0.1311614051610274E+02
 -0.8680746762238700E+01
 -0.4241582288234600E+01
 -0.2058484516269264E+01
 -0.1159434081995653E+01
 -0.6545343914710129E+00
 -0.2829733182156735E+00
  0.1721798470056545E-01
  0.2739055209380246E+00
  0.5090084830320863E+00
  0.7431494825542857E+00
  0.9983783384492579E+00
  0.1301562353743411E+01
  0.1691509686864131E+01
  0.2236748134548354E+01
  0.3058625708629780E+01
  0.4290936399756433E+01
  0.5871035206679817E+01
  0.7236363640698014E+01
  0.7691473118704080E+01
 -0.1338310705776572E+02
 -0.1221783159113026E+02
 -0.8722005191223861E+01
 -0.4541240439072713E+01
 -0.2229213334676508E+01
 -0.1186002307747161E+01
 -0.6297239282452461E+00
 -0.2527928537864350E+00
  0.4287642290897482E-01
  0.2951671681636825E+00
  0.5258169747871065E+00
  0.7531031801533419E+00
  0.9974240671208879E+00
  0.1286548787352992E+01
  0.1664976230064689E+01
  0.2211057550955401E+01
  0.3053500502393416E+01
  0.4338857238628340E+01
  0.6055201239204002E+01
  0.7626219504432693E+01
  0.8149892259508924E+01
 -0.1397973517512863E+02
 -0.1269681164826054E+02
 -0.8848041067656295E+01
 -0.4654513826408875E+01
 -0.2319998665328073E+01
 -0.1233756626367638E+01
 -0.6512469646202146E+00
 -0.2654938540059354E+00
  0.3338653457126441E-01
  0.2885889593920768E+00
  0.5224190971066942E+00
  0.7520521143277658E+00
  0.9966693555956424E+00
  0.1283644125378866E+01
  0.1658297992789136E+01
  0.2200536366427729E+01
  0.3044409154982089E+01
  0.4369915881640555E+01
  0.6246850993091028E+01
  0.8076367218242298E+01
  0.8686205959959388E+01
 -0.1464046489968318E+02
 -0.1320978504879059E+02
 -0.8917745496112838E+01
 -0.4670548324673784E+01
 -0.2340726093949363E+01
 -0.1249236632521064E+01
 -0.6625338469431566E+00
 -0.2758236951550856E+00
  0.2323786533771425E-01
  0.2796623810231250E+00
  0.5161563282128023E+00
  0.7492427361993842E+00
  0.9966542546812814E+00
  0.1283720650337429E+01
  0.1653329622707043E+01
  0.2183923357437709E+01
  0.3017534134679132E+01
  0.4379111852807906E+01
  0.6439703837365835E+01
  0.8599162516619767E+01
  0.9318982076371078E+01
 -0.1567990464084802E+02
 -0.1401885825882201E+02
 -0.9035719112743960E+01
 -0.4638782803733521E+01
 -0.2329070349566930E+01
 -0.1246540370379190E+01
 -0.6622188492373862E+00
 -0.2772441590881108E+00
  0.2016679660394970E-01
  0.2758458712555123E+00
  0.5131873948210504E+00
  0.7485732659775968E+00
  0.9983126479433199E+00
  0.1284836081916606E+01
  0.1646994007910372E+01
  0.2160540422398326E+01
  0.2976243370530061E+01
  0.4368016458389367E+01
  0.6633570500490404E+01
  0.9218491073563859E+01
  0.1008013126458835E+02
 -0.1700134721077002E+02
 -0.1503096637241253E+02
 -0.9119823857340050E+01
 -0.4553363387842484E+01
 -0.2298710761773508E+01
 -0.1241498903325590E+01
 -0.6614298290980644E+00
 -0.2763375441511023E+00
  0.2054272336757416E-01
  0.2752416264184140E+00
  0.5125516196629575E+00
  0.7495629262583456E+00
  0.1001618686635717E+01
  0.1287982210519782E+01
  0.1642300957917984E+01
  0.2135680002353796E+01
  0.2924932732412294E+01
  0.4332641301934473E+01
  0.6820230186666086E+01
  0.9965708864283691E+01
  0.1101420175682289E+02
 -0.1869690695185602E+02
 -0.1633134904134645E+02
 -0.9234675309817730E+01
 -0.4445367108028214E+01
 -0.2259803744527153E+01
 -0.1240062520321902E+01
 -0.6648320896818931E+00
 -0.2768194906161903E+00
  0.2129481271180621E-01
  0.2752453542229875E+00
  0.5120670491089883E+00
  0.7505631308249855E+00
  0.1005850897140606E+01
  0.1294063703524115E+01
  0.1642316125482026E+01
  0.2113842329998020E+01
  0.2866879784117796E+01
  0.4271783898766741E+01
  0.6993341461553899E+01
  0.1088932701178316E+02
  0.1218798886185957E+02
 -0.2096535088294275E+02
 -0.1797165051274030E+02
 -0.8990549402132949E+01
 -0.4227601002688915E+01
 -0.2207679476986196E+01
 -0.1244641236668274E+01
 -0.6731392407954637E+00
 -0.2789559331190458E+00
  0.2172210457480239E-01
  0.2747119020294773E+00
  0.5103610706695146E+00
  0.7501971102248012E+00
  0.1010023439932413E+01
  0.1303213001631852E+01
  0.1648902744093513E+01
  0.2097532225991895E+01
  0.2799234481326799E+01
  0.4155780594119937E+01
  0.7061275472757700E+01
  0.1205307828066634E+02
  0.1371701254996922E+02
 -0.2385405890400929E+02
 -0.2021996161732995E+02
 -0.9317669757291966E+01
 -0.4079442045582511E+01
 -0.2174841990467992E+01
 -0.1260978083585736E+01
 -0.6858128142769138E+00
 -0.2815622630720535E+00
  0.2225590962893034E-01
  0.2733978563429094E+00
  0.5067382454461087E+00
  0.7473582286347548E+00
  0.1012721276196565E+01
  0.1314320928749916E+01
  0.1662374850297335E+01
  0.2089252388474656E+01
  0.2729650285038397E+01
  0.4025265823593167E+01
  0.7203686194407582E+01
  0.1355361368270895E+02
  0.1567025617880941E+02
 -0.2677475333622010E+02
 -0.2194248294364716E+02
 -0.7445671765928353E+01
 -0.3659080585985814E+01
 -0.2109901379964395E+01
 -0.1273160547625288E+01
 -0.6943147855969058E+00
 -0.2799324363583062E+00
  0.2544973288466953E-01
  0.2727745664192561E+00
  0.5018517411403278E+00
  0.7415471112856821E+00
  0.1011745677327232E+01
  0.1323313251357952E+01
  0.1677245567435507E+01
  0.2080610002963866E+01
  0.2635790643546711E+01
  0.3774558040822360E+01
  0.6497934037815869E+01
  0.1538092300476215E+02
  0.1834191932707758E+02
 -0.3772783391389023E+02
 -0.3045996427806853E+02
 -0.8656355370603448E+01
 -0.3323658742243192E+01
 -0.2014902551536095E+01
 -0.1263656338947749E+01
 -0.6848736375759298E+00
 -0.2654012868078990E+00
  0.3747171455226437E-01
  0.2780467855615410E+00
  0.4999981153392302E+00
  0.7351314314932385E+00
  0.1006047656936559E+01
  0.1325158201293562E+01
  0.1687839227282292E+01
  0.2069321228997566E+01
  0.2497050209376396E+01
  0.3525838700514427E+01
  0.6825557387637077E+01
  0.2044826355593886E+02
  0.2498916561203946E+02
 -0.2728981828153287E+02
 -0.2096495392694996E+02
 -0.1990360863201245E+01
 -0.2680970663082261E+01
 -0.2047919184450011E+01
 -0.1284936901683879E+01
 -0.6637894275987660E+00
 -0.2353816402469591E+00
  0.6266608855628882E-01
  0.2947452275862211E+00
  0.5081356772787532E+00
  0.7355767847775959E+00
  0.1001907875345793E+01
  0.1327183813058479E+01
  0.1722331764200969E+01
  0.2152855654602160E+01
  0.2412086656917427E+01
  0.3240338926264402E+01
  0.2778927460328312E+01
  0.1582740776023628E+02
  0.2017690119353894E+02
 -0.7179704120194229E+02
 -0.5604357657505342E+02
 -0.8783182694386813E+01
 -0.2019184824424851E+01
 -0.2457553038779875E+01
 -0.1427786299050333E+01
 -0.6635793928009558E+00
 -0.2056306562441991E+00
  0.8911124561338601E-01
  0.3124164035073407E+00
  0.5200774904986754E+00
  0.7444810955749247E+00
  0.1010880123998652E+01
  0.1354634264499687E+01
  0.1836424329233839E+01
  0.2465352967957059E+01
  0.2602891714215011E+01
  0.2170847211602326E+01
  0.6304793241896099E+01
  0.4284753649078537E+02
  0.5502845090708180E+02
 -0.7381879456666756E+01
 -0.3711904403947834E+01
  0.7298020754208934E+01
 -0.1175408932389967E+01
 -0.3210885933117114E+01
 -0.1676830354053233E+01
 -0.6977703774586287E+00
 -0.1963139770182238E+00
  0.8592192734881848E-01
  0.2882279646796329E+00
  0.4841809620896880E+00
  0.7102304949884378E+00
  0.9946960285799872E+00
  0.1389779325049651E+01
  0.2005206440536659E+01
  0.2887766810935600E+01
  0.2866266155419650E+01
 -0.7605851855775941E+00
 -0.5079216558987225E+01
  0.5579784033815161E+01
  0.9132784231415956E+01
 -0.1291523438696330E+02
 -0.1397362226384115E+02
 -0.1714878589447471E+02
 -0.8947036249097399E+01
 -0.4234499575040511E+01
 -0.1729426021087430E+01
 -0.6269131521249115E+00
 -0.1692503514179486E+00
  0.4023021736520288E-01
  0.1734229180071990E+00
  0.3062512693094548E+00
  0.4779825961721447E+00
  0.7275625944019886E+00
  0.1127368111775699E+01
  0.1819895245263684E+01
  0.2995467889604800E+01
  0.4713146064447677E+01
  0.7454342435902616E+01
  0.1092308242424503E+02
  0.1014228213547958E+02
  0.9882015372557763E+01
 -0.6457617193481648E+01
  0.0000000000000000E+00
  0.0000000000000000E+00
  0.0000000000000000E+00
  0.0000000000000000E+00
  0.0000000000000000E+00
  0.0000000000000000E+00
  0.0000000000000000E+00
  0.0000000000000000E+00
  0.0000000000000000E+00
  0.0000000000000000E+00
  0.0000000000000000E+00
  0.0000000000000000E+00
  0.0000000000000000E+00
  0.0000000000000000E+00
  0.0000000000000000E+00
  0.0000000000000000E+00
  0.0000000000000000E+00
  0.0000000000000000E+00
  0.0000000000000000E+00
  0.4941007686278882E+01
