  0.4404571325722362E-19
 -0.1355252715606881E-19
 -0.5590417451878382E-19
  0.5421010862427522E-19
 -0.1389134033497053E-18
 -0.5251604272976662E-19
  0.5251604272976662E-19
  0.9656175598699024E-19
  0.2778268066994105E-18
  0.6505213034913027E-18
 -0.3388131789017201E-20
 -0.1931235119739805E-18
  0.1541599964002827E-18
  0.1185846126156020E-19
  0.4404571325722362E-19
 -0.5421010862427522E-19
 -0.1101142831430590E-18
  0.9656175598699024E-19
 -0.1067261513540418E-18
 -0.4065758146820642E-19
 -0.1694065894508601E-18
 -0.6776263578034403E-19
  0.4554047087608686E+01
  0.6980478266463773E+01
  0.6516915337861549E+01
  0.5239533461304583E+01
  0.4118769375377825E+01
  0.3295734852300532E+01
  0.2677394644719728E+01
  0.2167840227977884E+01
  0.1707727056677746E+01
  0.1266885181727386E+01
  0.8316035441952369E+00
  0.3891940578635625E+00
 -0.8259886696625574E-01
 -0.6042718931220000E+00
 -0.1123866081757154E+01
 -0.1350528715126739E+01
 -0.1404449784321085E+01
 -0.5855761361995748E+01
 -0.2733164455681475E+02
 -0.3981054852095212E-18
 -0.8470329472543003E-19
  0.1668258851986807E+01
  0.4587857745677189E+01
  0.6211407122735670E+01
  0.6406840818513099E+01
  0.5910030171371824E+01
  0.5240867628514159E+01
  0.4594059018376501E+01
  0.3980295900569264E+01
  0.3346564589691863E+01
  0.2646484868790521E+01
  0.1875287829438371E+01
  0.1077938433215494E+01
  0.3397626231149626E+00
 -0.2558926527639800E+00
 -0.7830801477251951E+00
 -0.1824575901513664E+01
 -0.4512453438266308E+01
 -0.4506788011148127E+01
  0.1576409770656746E+02
 -0.1016439536705160E-19
  0.9147955830346444E-19
  0.2658340627272740E+01
  0.5462886035193194E+01
  0.6296178942584158E+01
  0.6088888369797226E+01
  0.5592682659847310E+01
  0.5091221321495352E+01
  0.4652499669376118E+01
  0.4230201673069224E+01
  0.3736783451419839E+01
  0.3105591883263786E+01
  0.2339052670848993E+01
  0.1531794222245900E+01
  0.8445220939019182E+00
  0.3793877797509089E+00
 -0.1187574161623100E+00
 -0.1692227551406910E+01
 -0.5513784584953461E+01
 -0.6289034582563769E+01
  0.6450766388723118E+00
 -0.1626303258728257E-18
 -0.5471832839262780E-18
  0.2503659785774263E+01
  0.5062040341756662E+01
  0.5874026487408988E+01
  0.5501892168838285E+01
  0.4887884122814667E+01
  0.4407032044921795E+01
  0.4076983674570664E+01
  0.3795274184955434E+01
  0.3448570281887890E+01
  0.2965525957365551E+01
  0.2353511113317305E+01
  0.1713895233210325E+01
  0.1199528689593683E+01
  0.8762230526628230E+00
  0.4904647036723327E+00
 -0.6643266513113660E+00
 -0.2723059187535879E+01
 -0.1630439379589881E+01
  0.9936989447185899E+01
  0.1151964808265848E-18
  0.5082197683525802E-19
  0.2702268805803702E+01
  0.5131149098116737E+01
  0.5619173164666560E+01
  0.5048675097971770E+01
  0.4348278336441293E+01
  0.3863500858403795E+01
  0.3575379178494244E+01
  0.3356984543256548E+01
  0.3094680868615313E+01
  0.2730400265177498E+01
  0.2278239006062637E+01
  0.1820679079693703E+01
  0.1458224663164465E+01
  0.1197363222970905E+01
  0.8226357477567974E+00
 -0.5300104092082965E-01
 -0.1266474321689977E+01
 -0.8543394131550055E+00
  0.4042075199893654E+01
  0.3184843881676169E-18
 -0.3913292216314868E-18
  0.2783968092942748E+01
  0.5008981729036193E+01
  0.5268310097487221E+01
  0.4590529953662082E+01
  0.3887692876143629E+01
  0.3448064623626345E+01
  0.3216161618526024E+01
  0.3055276539600657E+01
  0.2862450787142501E+01
  0.2597157137652498E+01
  0.2279134286669954E+01
  0.1967966436252895E+01
  0.1712539375366896E+01
  0.1472830349772626E+01
  0.1077394386281732E+01
  0.3977781161214879E+00
 -0.1112736622582641E-01
  0.1650346884095830E+01
  0.5488181021484068E+01
  0.1067261513540418E-18
 -0.2032879073410321E-19
  0.2915096046411936E+01
  0.4905986841076360E+01
  0.4871545377513261E+01
  0.4084715020203329E+01
  0.3415901345890663E+01
  0.3059850007400600E+01
  0.2911610990205266E+01
  0.2826278031511188E+01
  0.2712689516536381E+01
  0.2544291973534352E+01
  0.2343194329332763E+01
  0.2151494097414323E+01
  0.1986863822398610E+01
  0.1794863371159109E+01
  0.1459763611412233E+01
  0.9965820628332698E+00
  0.9448021186525908E+00
  0.2283349222873079E+01
  0.4321477325767260E+01
 -0.1253608761936365E-18
 -0.1863472483959461E-19
  0.3049551993627391E+01
  0.4745188570198854E+01
  0.4406492735923927E+01
  0.3530084958116695E+01
  0.2921938870626044E+01
  0.2669907903449579E+01
  0.2617559723598176E+01
  0.2615757414967745E+01
  0.2586467991267867E+01
  0.2513792842707159E+01
  0.2419647525946809E+01
  0.2334746892169774E+01
  0.2263806252113709E+01
  0.2159951337652336E+01
  0.1959050662134164E+01
  0.1747346080659788E+01
  0.2002893047033365E+01
  0.3291588823870156E+01
  0.3966422975417114E+01
 -0.3218725199566341E-19
  0.6098637220230962E-19
  0.3211245949944880E+01
  0.4534181161859562E+01
  0.3870302039665980E+01
  0.2936005084393295E+01
  0.2420194787703399E+01
  0.2286102875087128E+01
  0.2330634276725675E+01
  0.2409507674622621E+01
  0.2461623553820609E+01
  0.2480214874745290E+01
  0.2485626422829626E+01
  0.2501933416549864E+01
  0.2532659173729122E+01
  0.2546922579083200E+01
  0.2511466311163148E+01
  0.2506739502444970E+01
  0.2848097862702709E+01
  0.3734936735102002E+01
  0.3591879933812570E+01
 -0.8300922883092143E-19
 -0.2253107639696439E-18
  0.3403061811091001E+01
  0.4250023659430123E+01
  0.3253108886230780E+01
  0.2308679991609066E+01
  0.1923688743422297E+01
  0.1918763852473439E+01
  0.2055302971428766E+01
  0.2207293301006415E+01
  0.2335373225044690E+01
  0.2440476088456515E+01
  0.2540117604064517E+01
  0.2655386486776011E+01
  0.2796613604758346E+01
  0.2952145627082049E+01
  0.3102191823959981E+01
  0.3281686436168220E+01
  0.3636789431881110E+01
  0.4116628081487081E+01
  0.3269124969418610E+01
  0.1270549420881451E-18
 -0.3049318610115481E-19
  0.3625774426438710E+01
  0.3839401567257120E+01
  0.2524895131269653E+01
  0.1649452126688825E+01
  0.1442231643792488E+01
  0.1572732370597473E+01
  0.1790345220982223E+01
  0.2005316551378016E+01
  0.2204132329155574E+01
  0.2392433157102218E+01
  0.2582704813895055E+01
  0.2795565976193342E+01
  0.3054224943534777E+01
  0.3368363157509985E+01
  0.3716894333917908E+01
  0.4052692553012365E+01
  0.4330176940981430E+01
  0.4339457163314555E+01
  0.2944097339705452E+01
 -0.1016439536705160E-19
 -0.1931235119739805E-18
  0.3920336610944555E+01
  0.3361914639416849E+01
  0.1718233525072860E+01
  0.9824115446094329E+00
  0.9898230692146409E+00
  0.1248722929466301E+01
  0.1527857467113081E+01
  0.1793327930663487E+01
  0.2058668841286105E+01
  0.2328447933093652E+01
  0.2606080743197576E+01
  0.2912318847851064E+01
  0.3287909372635033E+01
  0.3769247149645107E+01
  0.4331029095138564E+01
  0.4819043938163401E+01
  0.4962898516443151E+01
  0.4441371050971044E+01
  0.2578810474952751E+01
 -0.1355252715606881E-18
 -0.8131516293641283E-19
  0.4261514565137774E+01
  0.2413872283946664E+01
  0.7105795293350797E+00
  0.3097266922871844E+00
  0.5846470340829806E+00
  0.9500994343723124E+00
  0.1261474714162252E+01
  0.1565063975644756E+01
  0.1897781077949861E+01
  0.2252946343031196E+01
  0.2617708419571477E+01
  0.3010006674952906E+01
  0.3488859811832128E+01
  0.4124459718184180E+01
  0.4903373315374481E+01
  0.5567754282403409E+01
  0.5569008831514387E+01
  0.4466356062942350E+01
  0.2175494045299199E+01
  0.1541599964002827E-18
 -0.1101142831430590E-18
  0.5215117876401099E+01
  0.1682686540303558E+01
 -0.2615186879887854E+00
 -0.2436314636425567E+00
  0.2919155620015288E+00
  0.6996168496974414E+00
  0.1001516405162713E+01
  0.1339215810368174E+01
  0.1757514119852100E+01
  0.2221077624275711E+01
  0.2689743210059004E+01
  0.3172404272553504E+01
  0.3739918735935108E+01
  0.4491227681013166E+01
  0.5441950554189098E+01
  0.6286257864580809E+01
  0.6173331339880087E+01
  0.4354889202165409E+01
  0.1466861479098279E+01
  0.4285986713106760E-18
  0.6776263578034403E-19
  0.4038709915899057E+01
 -0.6544621570888777E+00
 -0.1482452730309936E+01
 -0.6545918289091577E+00
  0.1314299197244791E+00
  0.5007406437726206E+00
  0.7649880331310424E+00
  0.1161371338063295E+01
  0.1715903122323489E+01
  0.2343635225823289E+01
  0.2967223235583500E+01
  0.3582793820972739E+01
  0.4264190407219045E+01
  0.5113761277049116E+01
  0.6146595265784293E+01
  0.7061563354040368E+01
  0.6872089962008988E+01
  0.4307867901647699E+01
  0.9663565695891125E+00
 -0.6776263578034403E-20
  0.6098637220230962E-19
  0.9570305355825278E+01
 -0.1762860749126446E+01
 -0.3130878648974706E+01
 -0.1332584446678713E+01
 -0.1423620422473967E+00
  0.2413767729965664E+00
  0.5230422524915194E+00
  0.1045381694876703E+01
  0.1803345383537553E+01
  0.2659732388876392E+01
  0.3506455854913233E+01
  0.4331837511276623E+01
  0.5208773417501350E+01
  0.6222521253134614E+01
  0.7335885307171111E+01
  0.8195775326740096E+01
  0.7915071333892068E+01
  0.4538383446974190E+01
 -0.1726763671040907E+01
  0.1694065894508601E-20
 -0.8470329472543003E-20
  0.9137568141708737E+00
 -0.6149035119756394E+01
 -0.6446889660167506E+01
 -0.2572203235530638E+01
 -0.7560905391788959E+00
 -0.2227405127213329E+00
  0.1923902771047475E+00
  0.8927064265309657E+00
  0.1845292706168426E+01
  0.2901359259177358E+01
  0.3959392847841309E+01
  0.5009501159684234E+01
  0.6114966077617538E+01
  0.7351443373435461E+01
  0.8679217137085324E+01
  0.9694546176425396E+01
  0.9276819363362314E+01
  0.5378619218835277E+01
  0.9483531257133487E-01
 -0.1355252715606881E-19
 -0.8470329472543003E-19
  0.1546347610818673E+02
 -0.5045159417289169E+01
 -0.5650467739142469E+01
 -0.2611325444502707E+01
 -0.1344510748703879E+01
 -0.7963339726948628E+00
 -0.2199535599956510E+00
  0.5593525602915317E+00
  0.1487909142764149E+01
  0.2485501816871456E+01
  0.3509269480885710E+01
  0.4553079783386467E+01
  0.5641795248009759E+01
  0.6842731745713767E+01
  0.8280830069527758E+01
  0.1001881237042277E+02
  0.1137031155636778E+02
  0.8593717778489797E+01
 -0.7982839646435347E+01
  0.5590417451878382E-19
 -0.6776263578034403E-19
 -0.2622857730790172E+02
 -0.6193315077205969E+01
 -0.1549988130185179E+01
 -0.1491189369072183E+01
 -0.1422802898966402E+01
 -0.9433986107188400E+00
 -0.3913639768665109E+00
  0.1345831530990646E+00
  0.6410430327279186E+00
  0.1154289925941040E+01
  0.1693386930317803E+01
  0.2257282047281528E+01
  0.2821413761231891E+01
  0.3364308772769104E+01
  0.3975422585163201E+01
  0.5036633250712444E+01
  0.7355183273668000E+01
  0.1210415180061991E+02
  0.1906211959502950E+02
 -0.2032879073410321E-19
 -0.4065758146820642E-19
 -0.1863472483959461E-19
 -0.3557538378468061E-19
 -0.3388131789017201E-19
 -0.2541098841762901E-19
 -0.6776263578034403E-20
 -0.7284483346386983E-19
 -0.8300922883092143E-19
  0.1694065894508601E-20
  0.1016439536705160E-19
  0.1050320854595332E-18
  0.7284483346386983E-19
 -0.2879912020664621E-19
 -0.1524659305057741E-19
 -0.7623296525288703E-19
  0.8639736061993863E-19
  0.1202786785101106E-18
  0.8809142651444724E-19
  0.1694065894508601E-20
 -0.2541098841762901E-19
 -0.6945670167485263E-19
  0.7378346531635392E+04
  0.7378346531635392E+04
  0.1082919217596298E+05
  0.9347546627043690E+04
  0.7070561605539512E+04
  0.5348478894363167E+04
  0.4184063250183919E+04
  0.3343262370071488E+04
  0.2662596856210849E+04
  0.2059196052107240E+04
  0.1496607224919700E+04
  0.9569336460657646E+03
  0.4129994813298862E+03
 -0.1901346858373612E+03
 -0.9160722386454418E+03
 -0.1700155961650926E+04
 -0.1830479022182572E+04
 -0.4651508517018360E+03
 -0.5062946102647154E+04
 -0.5664495469439298E+05
 -0.5664496446895396E+05
  0.7378346531635392E+04
 -0.3826980378740763E+04
 -0.4905237011695611E+04
 -0.3054496909345766E+04
 -0.1566243278708656E+04
 -0.8119115824168932E+03
 -0.4583630905758825E+03
 -0.2607777843178141E+03
 -0.1223773203307903E+03
 -0.1984729033404523E+02
  0.4730989569163975E+02
  0.8198115445612001E+02
  0.1080667483754499E+03
  0.1820320968636399E+03
  0.3818919770189762E+03
  0.7030334074698447E+03
  0.4196892246583074E+03
 -0.2440377678512858E+04
 -0.3927934644658813E+04
  0.4769396440734148E+05
 -0.5664497424351595E+05
  0.9764685827608604E+03
  0.2050883959923449E+04
  0.1280937912530743E+04
 -0.1737352401800176E+03
 -0.8181106639672921E+03
 -0.9516197326461213E+03
 -0.8996499951265529E+03
 -0.8053397775775409E+03
 -0.7027243980761274E+03
 -0.5857043849412020E+03
 -0.4434526758720496E+03
 -0.2745278524725153E+03
 -0.8680578806504445E+02
  0.8886700935123027E+02
  0.1510915746228859E+03
 -0.8341459285281876E+02
 -0.6170358560895344E+03
  0.1549855800933719E+04
  0.8652395379800437E+04
 -0.3769989757859971E+05
  0.3776687674877865E+05
  0.3389720218933091E+04
 -0.3994231225509410E+03
 -0.1610099796325867E+04
 -0.6654173169202307E+03
 -0.1804701501973304E+03
 -0.1109434015920597E+03
 -0.1554097620598219E+03
 -0.2284256297543967E+03
 -0.2965362264630831E+03
 -0.3302037402959724E+03
 -0.3029747630789387E+03
 -0.2058449130077918E+03
 -0.6653237256712291E+02
  0.3134421074211263E+02
 -0.5528011647009781E+02
 -0.4530448417165885E+03
 -0.7032094197019861E+03
  0.2983442705224574E+04
  0.6988314388107904E+04
  0.6732698205630092E+04
 -0.2592256697843060E+04
  0.2922789529475989E+04
  0.1632042478305553E+03
 -0.5091203063290473E+03
 -0.3881432046931132E+03
 -0.6279601188464962E+01
  0.1525460882005673E+03
  0.1435139402332759E+03
  0.7057552216723734E+02
 -0.1069129218917834E+02
 -0.6924985394611049E+02
 -0.8250640314772359E+02
 -0.4219273230349494E+02
  0.2556139275465207E+02
  0.4726138178950065E+02
 -0.8573263420735853E+02
 -0.4515423276702965E+03
 -0.7201518461397814E+03
  0.4093092846373543E+03
  0.3415867590754429E+04
 -0.1467649769443328E+05
  0.1926264293595689E+05
  0.3320782117273634E+04
 -0.1561192938997063E+03
 -0.9669022778852549E+03
 -0.4738029474322591E+03
 -0.3769270711319527E+02
  0.1301403544536961E+03
  0.1364428113132482E+03
  0.8960901539010528E+02
  0.4201062951784535E+02
  0.1301835861199181E+02
  0.1060280384193611E+02
  0.3367009973040602E+02
  0.6138029249120179E+02
  0.4853417928740705E+02
 -0.5683671678045992E+02
 -0.2498453608895620E+03
 -0.2611169792834876E+03
  0.5809432725081543E+03
  0.3334906077720917E+04
 -0.6389878785805398E+03
  0.5169986925725424E+04
  0.3442666767035664E+04
 -0.2038103101336434E+03
 -0.8502011924560343E+03
 -0.3869034032561460E+03
 -0.9684374059625668E+01
  0.1096173592616277E+03
  0.9428872746897676E+02
  0.4769723650543667E+02
  0.1390513124355338E+02
  0.2649452973566070E+01
  0.1094823185080966E+02
  0.2962348401188263E+02
  0.4083112006110866E+02
  0.2006460636018344E+02
 -0.4190580663740456E+02
 -0.7821550936370183E+02
  0.1361561639751425E+03
  0.7481825597412623E+03
  0.3139091517604276E+03
 -0.4775529728149932E+04
  0.8973585819037744E+04
  0.3682290597553761E+04
 -0.3683508922227863E+03
 -0.9152089118645597E+03
 -0.3155039950098285E+03
  0.4985226251033502E+02
  0.1253812677525029E+03
  0.8253868359042885E+02
  0.2621087810595121E+02
 -0.7398823396984008E+01
 -0.1535533950445213E+02
 -0.5885481866219312E+01
  0.8600253385491150E+01
  0.1243099951846814E+02
 -0.8080719248861300E+01
 -0.4378727509754872E+02
 -0.2017789827107542E+02
  0.2156054603739593E+03
  0.6765386420667284E+03
  0.7484436337282531E+03
 -0.2219182367181123E+04
  0.6295366910925897E+04
  0.3924797756975559E+04
 -0.5306709473663306E+03
 -0.9053666676419191E+03
 -0.2202846226180210E+03
  0.1155674456366299E+03
  0.1475219158006613E+03
  0.8200261659720506E+02
  0.2043714931869147E+02
 -0.1182335794199905E+02
 -0.1870991575219823E+02
 -0.1085834126862875E+02
 -0.3536632659740164E+00
  0.2730012858795420E+00
 -0.1628955550890975E+02
 -0.3566211150323591E+02
  0.2237073825378680E+01
  0.1824158224880115E+03
  0.3861546434568762E+03
 -0.4402672799337824E+03
 -0.1864298271726970E+04
  0.5691859401521615E+04
  0.4225132780655398E+04
 -0.7432755111292898E+03
 -0.8834699635526446E+03
 -0.1056465879137847E+03
  0.1784477342180339E+03
  0.1604337488247494E+03
  0.7625818050705630E+02
  0.1579135818054877E+02
 -0.1078120187042039E+02
 -0.1484918367733632E+02
 -0.7891872481600716E+01
  0.4282499988552906E+00
  0.1483369543943114E+01
 -0.8310609205376981E+01
 -0.1625649946983350E+02
  0.1976931375770048E+02
  0.1494014280265845E+03
  0.2612514054344638E+03
 -0.3884878139152425E+03
 -0.1358813981629208E+04
  0.4989665352047815E+04
  0.4588714678264904E+04
 -0.1010081253317350E+04
 -0.8313715733570865E+03
  0.2081343812105436E+02
  0.2331331244050731E+03
  0.1598808621157204E+03
  0.6149320132179090E+02
  0.7664298908247944E+01
 -0.1059721926286471E+02
 -0.1155155137916520E+02
 -0.5442136360036296E+01
  0.2077654887978363E+01
  0.6160431914305962E+01
  0.3993945203549166E+01
  0.1014986963737940E+01
  0.1800303618980718E+02
  0.7460876721946124E+02
  0.5603182738709966E+02
 -0.6109132619524946E+03
 -0.9695577801726600E+03
  0.4407731074736973E+04
  0.5018988705441364E+04
 -0.1336119046765414E+04
 -0.6253291114649703E+03
  0.2073513994398449E+03
  0.2835499803704073E+03
  0.1439053342840955E+03
  0.3820350299666580E+02
 -0.2661215070423968E+01
 -0.1123832472256610E+02
 -0.1039086699051870E+02
 -0.6261817742323215E+01
  0.7726246478967562E+00
  0.8915549574128519E+01
  0.1335396733823597E+02
  0.8625419403118444E+01
 -0.4815848929610212E+01
 -0.1930136271542477E+02
 -0.1006437367441609E+03
 -0.6435013321424948E+03
 -0.6355986815120409E+03
  0.3850718148896803E+04
  0.5590832329070653E+04
 -0.1772857072278696E+04
 -0.6120165255543156E+03
  0.3427017274974732E+03
  0.3018462522976319E+03
  0.1092376961021632E+03
  0.1102338351608642E+02
 -0.9160886043280231E+01
 -0.7094881354971051E+01
 -0.5597589785597378E+01
 -0.3733703988472829E+01
  0.3919886905869945E+01
  0.1761291809274862E+02
  0.2820691611529023E+02
  0.1528721363334349E+02
 -0.4399187141983214E+02
 -0.1430402503773823E+03
 -0.2646752968573076E+03
 -0.6070822751619933E+03
 -0.3017117765424119E+03
  0.3245430210498792E+04
  0.6213163590850378E+04
 -0.2198692530177368E+04
  0.3980040297331208E+03
  0.6120548235193950E+03
  0.3200557490225713E+03
  0.6801660710686477E+02
 -0.8094843295327381E+01
 -0.4549232929561556E+00
  0.1317401043305692E+02
  0.1603364001622802E+02
  0.1841070821319470E+02
  0.3137857994157096E+02
  0.5681650741923463E+02
  0.8085420531329603E+02
  0.6386195952582656E+02
 -0.5602195722619950E+02
 -0.2842461728039572E+03
 -0.4565406839881405E+03
 -0.5848077507282396E+03
 -0.7597926341700776E+02
  0.2648583964301039E+04
  0.8433653297191664E+04
 -0.4351024064034979E+04
  0.1697178015906908E+03
  0.7423880770685996E+03
  0.2518088301246453E+03
 -0.1164650053408690E+02
 -0.2181140955290859E+02
  0.2844709270292931E+02
  0.5517002162120622E+02
  0.5931736914901846E+02
  0.6456548203629987E+02
  0.8866848983443421E+02
  0.1352893644043719E+03
  0.1881137961069243E+03
  0.1932450997413820E+03
  0.3806894215122924E+02
 -0.3707605067745815E+03
 -0.6956909296706052E+03
 -0.4642898513416154E+03
  0.6517175408415459E+03
  0.1434376001219619E+04
  0.5251227460271838E+04
 -0.8095514112569788E+03
  0.2775826974550952E+04
  0.5096704163579918E+03
 -0.1714703863363996E+03
 -0.2355216472246552E+03
 -0.6266639307805864E+02
  0.5954167191434841E+02
  0.9544639767618179E+02
  0.8747948686549611E+02
  0.8354658505356883E+02
  0.1123820251949853E+03
  0.1775317690507704E+03
  0.2584962322753058E+03
  0.3015538851742648E+03
  0.1911993646501396E+03
 -0.2788745308262502E+03
 -0.8986278025329991E+03
 -0.2557035204753310E+03
  0.7301577036340821E+02
  0.1123120654957986E+04
  0.1850268896403875E+05
 -0.1403664575861840E+05
  0.3488052334425803E+04
  0.2646720144959629E+03
 -0.6556354606469545E+03
 -0.5083912705872820E+03
 -0.1186600312725883E+03
  0.6937023505915785E+02
  0.8549557027998404E+02
  0.2617713967472600E+02
 -0.2636701270290378E+02
 -0.3025023408288804E+02
  0.1341332208680391E+02
  0.7285945755711684E+02
  0.9816554873084300E+02
  0.3019999638437770E+02
 -0.2233145198465432E+03
 -0.1197598463659876E+04
 -0.1315022380559295E+04
  0.5002651856228665E+04
 -0.4573443506687665E+04
 -0.1949435582411666E+04
  0.6091887453476448E+04
  0.6030121135508819E+04
  0.3654893167778566E+04
 -0.5166830008065742E+03
 -0.5199253149788017E+03
 -0.8039779257506741E+02
  0.8542102583255860E+02
  0.2472389878271047E+02
 -0.1287056047623624E+03
 -0.2760990628549283E+03
 -0.3786355802356885E+03
 -0.4438176054388742E+03
 -0.5079322392736732E+03
 -0.6172579941121330E+03
 -0.7887850662287444E+03
 -0.9257013931045899E+03
 -0.9957904676146034E+03
  0.3745458359560805E+03
 -0.1884130083419075E+04
  0.1055867481235093E+04
  0.3699894709592294E+05
 -0.3688555263823167E+05
  0.8887142467952168E+04
  0.2586205763049292E+04
 -0.4360110860845743E+03
 -0.9004724471197098E+02
  0.1966993127602747E+03
  0.1851830330993075E+03
  0.1427398096897703E+02
 -0.1956055946147391E+03
 -0.4019009481740739E+03
 -0.6043515501274934E+03
 -0.8053096794422418E+03
 -0.1006384168717606E+04
 -0.1238142587430360E+04
 -0.1631295113685385E+04
 -0.2488127600107217E+04
 -0.4217307559779942E+04
 -0.6541878993589576E+04
  0.2387281179726758E+05
 -0.2151581889864178E+05
 -0.5431118520340021E+05
  0.4567378674385021E+05
 -0.3220185722651864E+04
 -0.2854007780815902E+04
  0.1522563965161832E+03
  0.7648451241541213E+03
  0.4652374238738780E+03
  0.2146747495424407E+03
  0.1082795982756889E+03
  0.8504403382252160E+02
  0.8110882804397606E+02
  0.5891749137894881E+02
  0.1550091386205712E+02
 -0.8907590481403121E+01
  0.7293319823939845E+02
  0.3120326916433009E+03
  0.4811540762221695E+03
 -0.3638545839450361E+03
 -0.5362234462309890E+04
 -0.2885086563055058E+05
  0.3729998928189203E+05
 -0.5431119458347380E+05
 -0.5431120396354816E+05
 -0.5821889439636955E+04
 -0.4329829190207181E+03
 -0.1865556454397805E+04
 -0.2089787007621695E+04
 -0.1364697685832525E+04
 -0.5769744129402097E+03
  0.1073600760293757E+03
  0.7267300579466480E+03
  0.1344594281439460E+04
  0.2002606721336858E+04
  0.2700989533614694E+04
  0.3390152225850546E+04
  0.4000706214228292E+04
  0.4614493457646959E+04
  0.5803386285102089E+04
  0.9008152218171424E+04
  0.1720610761658814E+05
  0.3729998928189203E+05
  0.3729998928189203E+05
 -0.5252064299182876E+01
  0.1000000000000000E+01
  0.1000000000000000E+01
  0.1000000000000000E+01
  0.1000000000000000E+01
  0.1000000000000000E+01
  0.1000000000000000E+01
  0.1000000000000000E+01
  0.1000000000000000E+01
  0.1000000000000000E+01
  0.1000000000000000E+01
  0.1000000000000000E+01
  0.1000000000000000E+01
  0.1000000000000000E+01
  0.1000000000000000E+01
  0.1000000000000000E+01
  0.1000000000000000E+01
  0.1000000000000000E+01
  0.1000000000000000E+01
  0.1000000000000000E+01
  0.7457483814205346E+01
 -0.1150412859836575E+02
 -0.1049852504709728E+02
 -0.7481714393291854E+01
 -0.4658082624910908E+01
 -0.2716858746519438E+01
 -0.1491799491782279E+01
 -0.7075898428964068E+00
 -0.1826920804425188E+00
  0.1827805222829753E+00
  0.4453406560208378E+00
  0.6399001965674814E+00
  0.7933938540352913E+00
  0.9426030186201975E+00
  0.1164134711755718E+01
  0.1630566719543829E+01
  0.2737697860100518E+01
  0.5241951194320540E+01
  0.9951538675427267E+01
  0.1814977620559067E+02
  0.1497366977270568E+02
  0.1391496762841069E+02
 -0.8079899698324327E+01
 -0.7498955912328237E+01
 -0.5756124554339966E+01
 -0.4373295510389370E+01
 -0.3110449081521462E+01
 -0.2062033561309945E+01
 -0.1252229981527143E+01
 -0.6480669681775644E+00
 -0.1966838374256598E+00
  0.1495793371219858E+00
  0.4252598077293999E+00
  0.6579274119171535E+00
  0.8869562452176092E+00
  0.1188662685278757E+01
  0.1702690688171691E+01
  0.2685778599628056E+01
  0.4213427027852631E+01
  0.2164315388365722E+01
 -0.6299698248591207E+01
  0.4709688526854395E+01
  0.8379484118669595E+01
 -0.9358333216876339E+01
 -0.8758416200407718E+01
 -0.6958665151001852E+01
 -0.4631565388481151E+01
 -0.2936840047546224E+01
 -0.1837239622436409E+01
 -0.1094379263949496E+01
 -0.5666414761516718E+00
 -0.1728092438084082E+00
  0.1383876247506750E+00
  0.4003336771707523E+00
  0.6388137209800951E+00
  0.8868559917735498E+00
  0.1200227591325217E+01
  0.1669379017264673E+01
  0.2436153189060610E+01
  0.3459227894599472E+01
  0.3013503113945235E+01
  0.9785160859473070E+01
  0.5704852890498409E+02
  0.7280298492015442E+02
 -0.9543271290330070E+01
 -0.8859041349847782E+01
 -0.6806351528400922E+01
 -0.4564228248245845E+01
 -0.2822856544321462E+01
 -0.1678399443676274E+01
 -0.9431304633437902E+00
 -0.4458863994887532E+00
 -0.8421286458011681E-01
  0.2002155400631589E+00
  0.4435029539923760E+00
  0.6735775104180931E+00
  0.9217728261256193E+00
  0.1232836238458006E+01
  0.1668843307214547E+01
  0.2291304950298549E+01
  0.3050737366748498E+01
  0.3684939648636564E+01
  0.2978432398074089E+01
  0.2196443547609758E+02
  0.2829310316877208E+02
 -0.1019533901916710E+02
 -0.9438021740351498E+01
 -0.7166069903904689E+01
 -0.4654602560586230E+01
 -0.2820189402520556E+01
 -0.1646240063806049E+01
 -0.9026684885203861E+00
 -0.4058076553615103E+00
 -0.4718922542134565E-01
  0.2335646626334394E+00
  0.4736555109710084E+00
  0.7024389941038262E+00
  0.9514689560426628E+00
  0.1262107207860104E+01
  0.1686585552252220E+01
  0.2266796336789962E+01
  0.3016765852970615E+01
  0.4323537590839306E+01
  0.9647448779175445E+01
  0.3146446769813055E+02
  0.3873680733778225E+02
 -0.1080513623942917E+02
 -0.9936808446973302E+01
 -0.7331825069605685E+01
 -0.4668962029366825E+01
 -0.2803839539863239E+01
 -0.1636179850628257E+01
 -0.9000898685145680E+00
 -0.4061290928436365E+00
 -0.4695545956031558E-01
  0.2361052516502192E+00
  0.4792238614910712E+00
  0.7113108896654093E+00
  0.9630592735623676E+00
  0.1273324136980754E+01
  0.1691571316018727E+01
  0.2272351489532932E+01
  0.3109176761897616E+01
  0.4657076492102262E+01
  0.8440252910558591E+01
  0.2294623568289197E+02
  0.2778156327366976E+02
 -0.1156998417388301E+02
 -0.1056996995240155E+02
 -0.7569927287957174E+01
 -0.4676416856946865E+01
 -0.2767120684172304E+01
 -0.1614563643289376E+01
 -0.8961801829045359E+00
 -0.4116004734896088E+00
 -0.5519493645661608E-01
  0.2289074985478515E+00
  0.4750767394311853E+00
  0.7108251524529214E+00
  0.9647219711579030E+00
  0.1271960811189080E+01
  0.1679473271422229E+01
  0.2256993082770112E+01
  0.3172124209483695E+01
  0.5076829861433229E+01
  0.1031404715652759E+02
  0.2122498511229633E+02
  0.2486196443088591E+02
 -0.1245054842509343E+02
 -0.1128455972021708E+02
 -0.7786593605588037E+01
 -0.4660300570067266E+01
 -0.2718034817045056E+01
 -0.1586641952435174E+01
 -0.8886872371139859E+00
 -0.4145214507582178E+00
 -0.6145275039456029E-01
  0.2230792096172713E+00
  0.4715991376074144E+00
  0.7101309926724614E+00
  0.9649121030549740E+00
  0.1267756866357162E+01
  0.1664460894097729E+01
  0.2238509003802801E+01
  0.3203837687210585E+01
  0.5225259896450128E+01
  0.9989577935228526E+01
  0.1897770564021107E+02
  0.2197374820853858E+02
 -0.1350894158187124E+02
 -0.1213236027731890E+02
 -0.8002616363661913E+01
 -0.4623958880342403E+01
 -0.2662845492749358E+01
 -0.1559891091071672E+01
 -0.8826574898754234E+00
 -0.4169194776574107E+00
 -0.6556808271526975E-01
  0.2199810804488261E+00
  0.4705816814544900E+00
  0.7111196268969955E+00
  0.9660385078624594E+00
  0.1264955489126189E+01
  0.1654452464097741E+01
  0.2232009071930294E+01
  0.3254700344433386E+01
  0.5443028831019753E+01
  0.1023493088573242E+02
  0.1733809752639918E+02
  0.1970581973995477E+02
 -0.1479329523400217E+02
 -0.1314162304824649E+02
 -0.8186606490979429E+01
 -0.4552455629889225E+01
 -0.2600597273326438E+01
 -0.1536835297518760E+01
 -0.8802770567842985E+00
 -0.4201965239198528E+00
 -0.6863559362327963E-01
  0.2184779073364816E+00
  0.4708148397151427E+00
  0.7127760029399529E+00
  0.9677873645712153E+00
  0.1264221690845202E+01
  0.1649734444186030E+01
  0.2231676409375914E+01
  0.3292228994856508E+01
  0.5550972358953027E+01
  0.1012157116041461E+02
  0.1603833523959036E+02
  0.1801058993264894E+02
 -0.1638498514708318E+02
 -0.1438069553063056E+02
 -0.8367826681272700E+01
 -0.4459925762490875E+01
 -0.2536300816015849E+01
 -0.1519866714756448E+01
 -0.8822425127427179E+00
 -0.4244149792146973E+00
 -0.7106023934962012E-01
  0.2174878603585899E+00
  0.4707269472783548E+00
  0.7134993058121482E+00
  0.9690355533116927E+00
  0.1265080447625406E+01
  0.1649689193948828E+01
  0.2235528587166369E+01
  0.3321656738439803E+01
  0.5636424134755348E+01
  0.1003842172735053E+02
  0.1502673133291328E+02
  0.1668950120143420E+02
 -0.1846931277149639E+02
 -0.1592242494528780E+02
 -0.8281761466662036E+01
 -0.4278151566135917E+01
 -0.2465073087005314E+01
 -0.1511848600113386E+01
 -0.8897820061540619E+00
 -0.4300179813168807E+00
 -0.7387725487574391E-01
  0.2150207175888622E+00
  0.4675676578479427E+00
  0.7100448136962677E+00
  0.9661475435636494E+00
  0.1263366860882302E+01
  0.1649324788980285E+01
  0.2237466598270223E+01
  0.3332851998124531E+01
  0.5668308504387993E+01
  0.9921094586644690E+01
  0.1421780765398226E+02
  0.1565004534309479E+02
 -0.2107704180889724E+02
 -0.1794394013916426E+02
 -0.8544635129965334E+01
 -0.4131870310865101E+01
 -0.2412322999515916E+01
 -0.1518776124859025E+01
 -0.9037755041252149E+00
 -0.4375275409271709E+00
 -0.7866930271691494E-01
  0.2086250736194623E+00
  0.4583938456892243E+00
  0.6988918905571052E+00
  0.9543365808330415E+00
  0.1251694263971484E+01
  0.1636826741433550E+01
  0.2220877548152492E+01
  0.3311467094861713E+01
  0.5652396139309435E+01
  0.9852105822490898E+01
  0.1370534504065386E+02
  0.1498975811337485E+02
 -0.2405732131277913E+02
 -0.1982181807672109E+02
 -0.7115308368546971E+01
 -0.3773793902821789E+01
 -0.2338392655036856E+01
 -0.1525902821945818E+01
 -0.9161603148725045E+00
 -0.4430401448951988E+00
 -0.8327460393198524E-01
  0.2009788970181685E+00
  0.4475192833930953E+00
  0.6860475101505773E+00
  0.9406682562660766E+00
  0.1236693173713575E+01
  0.1614108531877328E+01
  0.2171985420906491E+01
  0.3219094844555485E+01
  0.5538404339550274E+01
  0.9726136040365368E+01
  0.1322544064941719E+02
  0.1439187551910113E+02
 -0.3363554501492952E+02
 -0.2721452162676155E+02
 -0.7951451462257639E+01
 -0.3437957377610712E+01
 -0.2220488566137403E+01
 -0.1510642314557290E+01
 -0.9112792546095300E+00
 -0.4360089881734400E+00
 -0.7724049204696193E-01
  0.2061930332059062E+00
  0.4547663124894215E+00
  0.6985525166425721E+00
  0.9610987678935192E+00
  0.1265401577614210E+01
  0.1639978069221857E+01
  0.2146961801535045E+01
  0.3047769755222214E+01
  0.5237096172798130E+01
  0.9685023310551342E+01
  0.1412597386551091E+02
  0.1560629071716411E+02
 -0.2518116686926463E+02
 -0.1941852652282423E+02
 -0.2130605483503054E+01
 -0.2874138976979672E+01
 -0.2231183498376004E+01
 -0.1539819797406979E+01
 -0.8986566045444970E+00
 -0.4115935352033867E+00
 -0.4984219260170313E-01
  0.2400128134277992E+00
  0.5028710716653733E+00
  0.7703505867823159E+00
  0.1065995334197813E+01
  0.1410484469826550E+01
  0.1818160578494314E+01
  0.2298271716000301E+01
  0.2975143909376833E+01
  0.4793739560011806E+01
  0.9294019146192738E+01
  0.1278209455589177E+02
  0.1394478635912478E+02
 -0.6686394902402336E+02
 -0.5214148369104120E+02
 -0.7974087692094720E+01
 -0.1861378974689749E+01
 -0.2646521337722907E+01
 -0.1737541193597425E+01
 -0.9216176610882199E+00
 -0.3867815391647206E+00
 -0.1292449320462016E-01
  0.2863323740719679E+00
  0.5711730776467608E+00
  0.8806446070069397E+00
  0.1238976045971643E+01
  0.1662572487350015E+01
  0.2151892465938900E+01
  0.2675973823420668E+01
  0.3227470250886193E+01
  0.4267636903675904E+01
  0.8346280423292944E+01
  0.2434683516711121E+02
  0.2968035341505064E+02
 -0.7926146988206529E+01
 -0.4288307710329625E+01
  0.6625210123301088E+01
 -0.5498245185498983E+00
 -0.3375876533392837E+01
 -0.2065294818145595E+01
 -0.9872521628216051E+00
 -0.3769432933181950E+00
 -0.1335726117649040E-02
  0.2807181675094401E+00
  0.5581701042754520E+00
  0.8815663413596534E+00
  0.1274386798375134E+01
  0.1744719353015967E+01
  0.2286980360163068E+01
  0.2890718050343725E+01
  0.3571491747854029E+01
  0.4407506483846165E+01
  0.5903211884297344E+01
  0.1153556516710516E+02
  0.1341301626137443E+02
 -0.1186073956207981E+02
 -0.1268807367019384E+02
 -0.1517007599453592E+02
 -0.8653638228595137E+01
 -0.4576927630572787E+01
 -0.2120496104122807E+01
 -0.8799391258169084E+00
 -0.3051816752873946E+00
 -0.1803400620268840E-01
  0.1678839992789228E+00
  0.3452725888681333E+00
  0.5589093948791762E+00
  0.8282043813511032E+00
  0.1157523038184439E+01
  0.1538373693622674E+01
  0.1973283224367900E+01
  0.2559223939328798E+01
  0.3610093607823071E+01
  0.5864805216731407E+01
  0.1238048330780149E+02
  0.1455237600482485E+02
 -0.5930369781039906E+01
  0.0000000000000000E+00
  0.0000000000000000E+00
  0.0000000000000000E+00
  0.0000000000000000E+00
  0.0000000000000000E+00
  0.0000000000000000E+00
  0.0000000000000000E+00
  0.0000000000000000E+00
  0.0000000000000000E+00
  0.0000000000000000E+00
  0.0000000000000000E+00
  0.0000000000000000E+00
  0.0000000000000000E+00
  0.0000000000000000E+00
  0.0000000000000000E+00
  0.0000000000000000E+00
  0.0000000000000000E+00
  0.0000000000000000E+00
  0.0000000000000000E+00
  0.7276188002412427E+01
