  0.0000000000000000E+00
 -0.1694065894508601E-20
 -0.5082197683525802E-20
  0.3388131789017201E-20
  0.0000000000000000E+00
  0.1694065894508601E-20
  0.3388131789017201E-20
  0.6776263578034403E-20
  0.5082197683525802E-20
 -0.2710505431213761E-19
  0.5082197683525802E-20
  0.6776263578034403E-20
  0.6776263578034403E-20
  0.1694065894508601E-20
 -0.1694065894508601E-20
  0.0000000000000000E+00
  0.1694065894508601E-20
  0.0000000000000000E+00
  0.3388131789017201E-20
 -0.1694065894508601E-20
  0.0000000000000000E+00
 -0.1694065894508601E-20
  0.4545547268484905E+01
  0.6972146053417776E+01
  0.6516119607554540E+01
  0.5248588224488794E+01
  0.4137890514245750E+01
  0.3323314739316876E+01
  0.2707732974960093E+01
  0.2187796816206706E+01
  0.1694177056366030E+01
  0.1187181990227044E+01
  0.6469069599706143E+00
  0.5560832196856303E-01
 -0.6181377175111112E+00
 -0.1414199693591606E+01
 -0.2365504192386412E+01
 -0.3461291096610167E+01
 -0.4486532502972371E+01
 -0.4690446620511859E+01
 -0.2866047487562356E+01
  0.3388131789017201E-20
 -0.5082197683525802E-20
  0.1668774438575199E+01
  0.4583429941179396E+01
  0.6207713073159675E+01
  0.6412537539171782E+01
  0.5932893908565098E+01
  0.5285702559679656E+01
  0.4658895254685993E+01
  0.4047839061887430E+01
  0.3371025554163477E+01
  0.2542212127537543E+01
  0.1514311712010073E+01
  0.2885639731062004E+00
 -0.1103707594044791E+01
 -0.2593250013840546E+01
 -0.4018958839179761E+01
 -0.5073341675337695E+01
 -0.5290709692861967E+01
 -0.4199848231624724E+01
 -0.1917381917395139E+01
  0.1694065894508601E-20
 -0.3388131789017201E-20
  0.2654286553279689E+01
  0.5454513191745938E+01
  0.6290991569152505E+01
  0.6095270237948547E+01
  0.5619389334050417E+01
  0.5147133825510697E+01
  0.4742536569453501E+01
  0.4344309536375807E+01
  0.3829369350055972E+01
  0.3070449729678149E+01
  0.1992666572308428E+01
  0.6115832154968615E+00
 -0.9709538773076841E+00
 -0.2588924096035598E+01
 -0.4020534678300581E+01
 -0.5010685018234703E+01
 -0.5287974937018298E+01
 -0.4439519682203239E+01
 -0.2117855987685255E+01
 -0.5082197683525802E-20
  0.1694065894508601E-19
  0.2500659361534881E+01
  0.5054096338720154E+01
  0.5867688309300103E+01
  0.5509531268220050E+01
  0.4920978100806417E+01
  0.4475928625142900E+01
  0.4188870612591804E+01
  0.3944913464776670E+01
  0.3598382327749307E+01
  0.3016201158892479E+01
  0.2117214331877689E+01
  0.9095261030125280E+00
 -0.5065152764978698E+00
 -0.1977395205665505E+01
 -0.3341731292666174E+01
 -0.4438331257910894E+01
 -0.4984470454953636E+01
 -0.4339265134416486E+01
 -0.2117701697753575E+01
 -0.3388131789017201E-20
  0.5082197683525802E-20
  0.2698176420190475E+01
  0.5121051970607585E+01
  0.5610008680872003E+01
  0.5054827660461797E+01
  0.4384878427096120E+01
  0.3942735259673708E+01
  0.3703329850628044E+01
  0.3525793364426002E+01
  0.3267062082100344E+01
  0.2815196722517338E+01
  0.2104662136425673E+01
  0.1132463446728825E+01
 -0.4376772412164312E-01
 -0.1338416019687652E+01
 -0.2668807842654327E+01
 -0.3914669279006602E+01
 -0.4724362573634581E+01
 -0.4322600482805394E+01
 -0.2196502741217709E+01
  0.1694065894508601E-20
  0.1016439536705160E-19
  0.2779906379346665E+01
  0.4998203426584245E+01
  0.5256631582615705E+01
  0.4593875454863549E+01
  0.3925096306149072E+01
  0.3534473116263931E+01
  0.3355804167792493E+01
  0.3232925479824974E+01
  0.3031684348100041E+01
  0.2664460696448390E+01
  0.2087371135076918E+01
  0.1294713418130974E+01
  0.3074269404243590E+00
 -0.8480736202832337E+00
 -0.2143868206712307E+01
 -0.3476134831033581E+01
 -0.4460226465145420E+01
 -0.4272135942718957E+01
 -0.2274817681705813E+01
  0.8470329472543003E-20
  0.1694065894508601E-20
  0.2910753173495420E+01
  0.4894265637703434E+01
  0.4857634631877662E+01
  0.4085663476140741E+01
  0.3454308645490697E+01
  0.3153758373252355E+01
  0.3063827339649315E+01
  0.3013386230945088E+01
  0.2875247211546529E+01
  0.2578772709764699E+01
  0.2096982754948744E+01
  0.1428723379923021E+01
  0.5791178795311903E+00
 -0.4572334639772812E+00
 -0.1687099731831417E+01
 -0.3035569319920413E+01
 -0.4147700020229315E+01
 -0.4199257981604631E+01
 -0.2371142880430970E+01
 -0.3388131789017201E-20
  0.5082197683525802E-20
  0.3045189358320539E+01
  0.4733081896265844E+01
  0.4390791808363353E+01
  0.3529240147968411E+01
  0.2962225212872673E+01
  0.2772565026785608E+01
  0.2784680663905200E+01
  0.2817017629377909E+01
  0.2750026713867888E+01
  0.2524213356295819E+01
  0.2123378065270941E+01
  0.1553948089470926E+01
  0.8208538513296695E+00
 -0.9297044351138270E-01
 -0.1220995071559644E+01
 -0.2537571014355898E+01
 -0.3760792462389251E+01
 -0.4088213944426033E+01
 -0.2483659374823862E+01
 -0.1694065894508601E-20
  0.6776263578034403E-20
  0.3206888070731129E+01
  0.4521989325659807E+01
  0.3853115367792757E+01
  0.2933585615655885E+01
  0.2462338569856918E+01
  0.2397109905058181E+01
  0.2512658671990210E+01
  0.2627225516828642E+01
  0.2632908013990940E+01
  0.2478360863329312E+01
  0.2153527136855817E+01
  0.1673058341557348E+01
  0.1050675806045917E+01
  0.2699328875680471E+00
 -0.7252451205065026E+00
 -0.1972222757892734E+01
 -0.3291087054432106E+01
 -0.3930349867377479E+01
 -0.2617992667125113E+01
 -0.6776263578034403E-20
  0.1694065894508601E-20
  0.3398844903233045E+01
  0.4238295558068379E+01
  0.3234882826897739E+01
  0.2304817369417409E+01
  0.1966872319930492E+01
  0.2035936102537654E+01
  0.2249759708671344E+01
  0.2441085193414852E+01
  0.2518373982980359E+01
  0.2435108359239021E+01
  0.2182369316888192E+01
  0.1782220679239072E+01
  0.1263573351178147E+01
  0.6219374067402845E+00
 -0.2132567675274934E+00
 -0.1347956815036051E+01
 -0.2730671097560280E+01
 -0.3708655017916111E+01
 -0.2779268592491550E+01
 -0.1694065894508601E-20
  0.3388131789017201E-20
  0.3621749065139733E+01
  0.3828533090491354E+01
  0.2506190962895890E+01
  0.1644372891583907E+01
  0.1485086514676120E+01
  0.1692832145716672E+01
  0.1994087154442054E+01
  0.2255425639264769E+01
  0.2405157620802627E+01
  0.2395634214567296E+01
  0.2211746696957793E+01
  0.1880223256461646E+01
  0.1450882048349454E+01
  0.9455836176594028E+00
  0.2954975759028130E+00
 -0.6707054746713643E+00
 -0.2058557055237110E+01
 -0.3391848644725281E+01
 -0.2974415252283968E+01
 -0.3388131789017201E-20
  0.3388131789017201E-20
  0.3916719288049402E+01
  0.3352692272939723E+01
  0.1699559633691400E+01
  0.9761090869127270E+00
  0.1030745662184215E+01
  0.1368960911512349E+01
  0.1739738387104911E+01
  0.2064325733412462E+01
  0.2291255909987133E+01
  0.2362571888742547E+01
  0.2247062146777256E+01
  0.1970748880352279E+01
  0.1608471908843946E+01
  0.1225666577096719E+01
  0.7804971555593428E+00
  0.4743833951951764E-01
 -0.1270338472082557E+01
 -0.2971036508611822E+01
 -0.3233292163777030E+01
 -0.1694065894508601E-20
  0.6776263578034403E-20
  0.4258201090180919E+01
  0.2406593305459994E+01
  0.6922522957876049E+00
  0.3030783036622349E+00
  0.6244408472292339E+00
  0.1071355251698279E+01
  0.1484633358033045E+01
  0.1865200037577872E+01
  0.2177224277913285E+01
  0.2340105027033035E+01
  0.2295367009422470E+01
  0.2060380074081037E+01
  0.1734893998992369E+01
  0.1445438401221683E+01
  0.1216506345069075E+01
  0.8035032674786353E+00
 -0.2968047841543371E+00
 -0.2239311393224648E+01
 -0.3584211702275077E+01
  0.1694065894508601E-20
 -0.1694065894508601E-20
  0.5211296388600570E+01
  0.1677053846370437E+01
 -0.2787564276102409E+00
 -0.2462005819887010E+00
  0.3362555990613295E+00
  0.8272734377226318E+00
  0.1240147789616066E+01
  0.1668547531658557E+01
  0.2074939137619561E+01
  0.2339638190978707E+01
  0.2367298915996029E+01
  0.2158365549610678E+01
  0.1829892421419047E+01
  0.1579099711394649E+01
  0.1549567901326878E+01
  0.1542855396872562E+01
  0.7692747039498881E+00
 -0.1469860256332271E+01
 -0.4199962878791011E+01
  0.1016439536705160E-19
  0.0000000000000000E+00
  0.4038250325853570E+01
 -0.6554391942837550E+00
 -0.1496715506160553E+01
 -0.6492526292552264E+00
  0.1832319867073881E+00
  0.6358541938937184E+00
  0.1012213138070448E+01
  0.1492157126467140E+01
  0.2007411560455633E+01
  0.2382304811626033E+01
  0.2481067655528356E+01
  0.2285059949876631E+01
  0.1917510292145779E+01
  0.1642266616783618E+01
  0.1779463755337945E+01
  0.2301750264179957E+01
  0.2102345794622516E+01
  0.4583375342181525E+00
 -0.3635307811421119E+01
  0.0000000000000000E+00
 -0.1694065894508601E-20
  0.9565842855509070E+01
 -0.1765481266401381E+01
 -0.3138418282264981E+01
 -0.1323550222591678E+01
 -0.9227493178008615E-01
  0.3709316068434569E+00
  0.7519568048953734E+00
  0.1321152712815756E+01
  0.1970096558300245E+01
  0.2468075599707599E+01
  0.2646329148291653E+01
  0.2474896706681268E+01
  0.2083897866805767E+01
  0.1804623506661923E+01
  0.2191158802778522E+01
  0.3534478083415642E+01
  0.4034164080354610E+01
  0.2067604472074448E+01
 -0.8344665204951442E+01
  0.0000000000000000E+00
  0.0000000000000000E+00
  0.9177475900759117E+00
 -0.6144481306117414E+01
 -0.6446415430909606E+01
 -0.2565406152739365E+01
 -0.7181393256993145E+00
 -0.1172679989041075E+00
  0.3695695214882574E+00
  0.1068363662005476E+01
  0.1851492217633771E+01
  0.2478904175185890E+01
  0.2775999577604541E+01
  0.2705493815624630E+01
  0.2398390020707307E+01
  0.2227183821908345E+01
  0.2950065319184582E+01
  0.5489687985692692E+01
  0.8805947748170336E+01
  0.6251642719549401E+01
 -0.1023870201234175E+01
  0.0000000000000000E+00
  0.0000000000000000E+00
  0.1545943357109874E+02
 -0.5053480772631823E+01
 -0.5656401988748640E+01
 -0.2608678458144278E+01
 -0.1317226005476198E+01
 -0.7221126829443739E+00
 -0.1096371581020898E+00
  0.6420848158352757E+00
  0.1424698123825707E+01
  0.2091064172167182E+01
  0.2524675571870729E+01
  0.2683086522310418E+01
  0.2638657892662596E+01
  0.2626212017243764E+01
  0.3153758945544986E+01
  0.5184143464454783E+01
  0.8930809714980670E+01
  0.6450732252419950E+01
 -0.1430759921649279E+02
  0.0000000000000000E+00
  0.0000000000000000E+00
 -0.2622253010836598E+02
 -0.6196980117030853E+01
 -0.1551132644971069E+01
 -0.1484304806459038E+01
 -0.1398636936078320E+01
 -0.9009113768807094E+00
 -0.3450150037722386E+00
  0.1609427178488466E+00
  0.6168419879307389E+00
  0.1032207827890215E+01
  0.1401039219362513E+01
  0.1715046823092975E+01
  0.1979878801360455E+01
  0.2174088786600750E+01
  0.2135272352404753E+01
  0.1781898053631119E+01
  0.2463926644130456E+01
  0.7497911645673004E+01
  0.2359741686860540E+02
  0.0000000000000000E+00
  0.0000000000000000E+00
  0.0000000000000000E+00
  0.0000000000000000E+00
  0.0000000000000000E+00
  0.0000000000000000E+00
  0.0000000000000000E+00
  0.0000000000000000E+00
  0.0000000000000000E+00
  0.0000000000000000E+00
  0.0000000000000000E+00
  0.0000000000000000E+00
  0.0000000000000000E+00
  0.0000000000000000E+00
  0.0000000000000000E+00
  0.1694065894508601E-20
  0.0000000000000000E+00
  0.0000000000000000E+00
  0.0000000000000000E+00
  0.0000000000000000E+00
  0.0000000000000000E+00
  0.0000000000000000E+00
  0.7362910219139391E+04
  0.7362910219139391E+04
  0.1081527242107155E+05
  0.9346549466346947E+04
  0.7083866705667494E+04
  0.5374821493835181E+04
  0.4220364143080000E+04
  0.3381464487102775E+04
  0.2685643733732280E+04
  0.2039153179841114E+04
  0.1397704710024403E+04
  0.7423934929750424E+03
  0.4774999940092447E+02
 -0.7438156197212226E+03
 -0.1713020951383595E+04
 -0.2952118370916533E+04
 -0.4537506383852809E+04
 -0.6284575336653002E+04
 -0.7070407385877266E+04
 -0.4410529136099300E+04
 -0.4410530161078166E+04
  0.7362910219139391E+04
 -0.3816507319037877E+04
 -0.4897394812627165E+04
 -0.3054412340632183E+04
 -0.1571122047970157E+04
 -0.8187060494455498E+03
 -0.4647731495014833E+03
 -0.2643700279734776E+03
 -0.1205752650518853E+03
 -0.1228154558073877E+02
  0.5382727158222741E+02
  0.6778967170899922E+02
  0.3795996994528526E+02
  0.4100761628432122E+01
  0.3196273929877785E+02
  0.2270268492997186E+03
  0.7679143834120435E+03
  0.1801472987074117E+04
  0.2883743218012949E+04
  0.1942544507044633E+04
 -0.4410531186057034E+04
  0.9808960953286171E+03
  0.2043266342563196E+04
  0.1279263887265687E+04
 -0.1694294127202543E+03
 -0.8126489428742489E+03
 -0.9490966979879239E+03
 -0.9027551450198955E+03
 -0.8161841990354504E+03
 -0.7216912212361914E+03
 -0.6071853489278789E+03
 -0.4532609221210654E+03
 -0.2572546885277520E+03
 -0.3091986961819094E+02
  0.2311058556960012E+03
  0.5448176561865562E+03
  0.8677196398904350E+03
  0.1037520491527891E+04
  0.7866744842885107E+03
 -0.1808633385303110E+00
 -0.6056895968657554E+03
 -0.1998014805289338E+04
  0.3383783607343564E+04
 -0.3972796766652382E+03
 -0.1604479596496857E+04
 -0.6618780246224558E+03
 -0.1767360550529886E+03
 -0.1059746620977326E+03
 -0.1518915251643857E+03
 -0.2328222600705477E+03
 -0.3185070164941772E+03
 -0.3770642859665688E+03
 -0.3699355857949022E+03
 -0.2717678279888834E+03
 -0.9492486364568781E+02
  0.1181995354368322E+03
  0.3164340864469943E+03
  0.4386844405775774E+03
  0.4640861351977640E+03
  0.5673874628116677E+03
  0.8425267882850829E+03
 -0.1271738606472851E+01
 -0.2540792754987895E+04
  0.2920006773608714E+04
  0.1615687416051942E+03
 -0.5078113058052704E+03
 -0.3837744873855439E+03
 -0.2936170406879660E+01
  0.1554135716070047E+03
  0.1455048909905397E+03
  0.6670131646132501E+02
 -0.3166695752496001E+02
 -0.1230332502827904E+03
 -0.1804430658278483E+03
 -0.1785838040369246E+03
 -0.1172572646230523E+03
 -0.3032456779744965E+02
  0.4014847116200664E+02
  0.8255288370016935E+02
  0.1713705150037294E+03
  0.4546551197155932E+03
  0.6479181944835393E+03
 -0.7312682674271051E+02
 -0.2504680062896920E+04
  0.3316029199257752E+04
 -0.1564351830469761E+03
 -0.9632988667746646E+03
 -0.4676336371592287E+03
 -0.3205597488635318E+02
  0.1339484992296092E+03
  0.1377377126291821E+03
  0.8510529798907211E+02
  0.2361548003648382E+02
 -0.3331417467362098E+02
 -0.7937017829351008E+02
 -0.1052247199161897E+03
 -0.1074250356924356E+03
 -0.9662031022761283E+02
 -0.8251285454244427E+02
 -0.4049071552714662E+02
  0.1221747796025804E+03
  0.4950424202005076E+03
  0.7797737647387445E+03
  0.2835644019733312E+02
 -0.2649983002068679E+04
  0.3438386052167413E+04
 -0.2049969927372221E+03
 -0.8481189800750840E+03
 -0.3801940771007377E+03
 -0.1615694784266615E+01
  0.1159717587570091E+03
  0.9648746870542136E+02
  0.4247701818623634E+02
 -0.3656797095929688E+01
 -0.3525058934162694E+02
 -0.5757655004087596E+02
 -0.7496225426687117E+02
 -0.8889692808590162E+02
 -0.9972061957947211E+02
 -0.9924158771478953E+02
 -0.5114126918105944E+02
  0.1264956417210687E+03
  0.4950734129997717E+03
  0.8040442657987259E+03
  0.1037956618888942E+03
 -0.2781680594714657E+04
  0.3677633962314679E+04
 -0.3694605164336349E+03
 -0.9129957388920548E+03
 -0.3082874475836150E+03
  0.5948987248330172E+02
  0.1333565359161875E+03
  0.8461295694746305E+02
  0.1822953998031130E+02
 -0.2881470762783310E+02
 -0.5312309310472828E+02
 -0.6291884728370550E+02
 -0.6798649866433050E+02
 -0.7514231629876770E+02
 -0.8558441590660982E+02
 -0.8916925556800325E+02
 -0.5113459784174834E+02
  0.1033817675357381E+03
  0.4547384460854902E+03
  0.8392304403722092E+03
  0.2107345871554500E+03
 -0.2950740361270445E+04
  0.3920233971710521E+04
 -0.5320137012606609E+03
 -0.9038291339910445E+03
 -0.2125761529991730E+03
  0.1265836356636946E+03
  0.1564761410339006E+03
  0.8312726012695332E+02
  0.8614767987667951E+01
 -0.3955802582930240E+02
 -0.6231801524113416E+02
 -0.6782408186401618E+02
 -0.6615211577112079E+02
 -0.6696147030820566E+02
 -0.7574243309295183E+02
 -0.8703609731000378E+02
 -0.7098043403145850E+02
  0.4754210215541148E+02
  0.3836648958109145E+03
  0.8608747630582451E+03
  0.3429151927056629E+03
 -0.3151850533771219E+04
  0.4220571298236752E+04
 -0.7446114560932994E+03
 -0.8824549602911046E+03
 -0.9733269968920882E+02
  0.1909303524022373E+03
  0.1703735104195022E+03
  0.7673259717258442E+02
  0.9243771078532472E+00
 -0.4397004895403312E+02
 -0.6457593969389946E+02
 -0.6814108864827631E+02
 -0.6297586780849749E+02
 -0.5982644804820524E+02
 -0.6867117798189201E+02
 -0.9049321767430882E+02
 -0.1012648875115452E+03
 -0.2432342665256257E+02
  0.2903379635308715E+03
  0.8696380568988186E+03
  0.5114771182798187E+03
 -0.3397331538598362E+04
  0.4584303131055362E+04
 -0.1011378737455741E+04
 -0.8313440646311680E+03
  0.2965566083980355E+02
  0.2468931727938992E+03
  0.1706968048246425E+03
  0.6205301870526201E+02
 -0.8499130281548922E+01
 -0.4683139412219325E+02
 -0.6492345236769805E+02
 -0.6735928558557102E+02
 -0.5909668499981452E+02
 -0.5091317290871908E+02
 -0.5737947609754253E+02
 -0.8766249672597965E+02
 -0.1263089806476742E+03
 -0.9784794289239373E+02
  0.1787942302103699E+03
  0.8537432115087078E+03
  0.7264045514078595E+03
 -0.3698326475188006E+04
  0.5014678524475639E+04
 -0.1337159551663592E+04
 -0.6260698215911780E+03
  0.2164637957315689E+03
  0.2978286675198050E+03
  0.1554973252209289E+03
  0.4023128213719288E+02
 -0.1762237747154859E+02
 -0.4773129982498739E+02
 -0.6514624614744959E+02
 -0.6862715156324201E+02
 -0.5750375421251184E+02
 -0.4128262400922461E+02
 -0.3933675991353515E+02
 -0.7187227788190060E+02
 -0.1379848050719152E+03
 -0.1719978042024476E+03
  0.2544045939389828E+02
  0.7649554463360903E+03
  0.9973006135349308E+03
 -0.4067950630603281E+04
  0.5586909923943837E+04
 -0.1773693836714698E+04
 -0.6143503078462833E+03
  0.3519581403631632E+03
  0.3165762796087490E+03
  0.1228797328194257E+03
  0.1711480268790036E+02
 -0.2013659201171267E+02
 -0.4249299697097830E+02
 -0.6356652876474715E+02
 -0.7264058832513349E+02
 -0.6087243987750070E+02
 -0.3451864354471633E+02
 -0.1714251711969341E+02
 -0.4264538643773196E+02
 -0.1314177461738242E+03
 -0.2336175064025742E+03
 -0.1276286764949871E+03
  0.7078872012528483E+03
  0.1361402036201958E+04
 -0.4560653811633580E+04
  0.6209480198882913E+04
 -0.2199278085901889E+04
  0.3937140401660560E+03
  0.6220113781910305E+03
  0.3362619675730385E+03
  0.8504340002346748E+02
  0.3555236201009321E+01
 -0.7430114568019778E+01
 -0.2517836201155894E+02
 -0.5606747926336691E+02
 -0.7709996059964919E+02
 -0.6964715034243012E+02
 -0.3412080116346983E+02
  0.4433975018606229E+01
 -0.2645717536439742E+01
 -0.1079774514766428E+03
 -0.2962480941482745E+03
 -0.3619248770464006E+03
  0.1112693105016236E+03
  0.1865712093720495E+04
 -0.5233912525037960E+04
  0.8427891473549415E+04
 -0.4348671987198416E+04
  0.1658287933208914E+03
  0.7546310835657988E+03
  0.2665448688775937E+03
  0.4824433144191298E+01
 -0.8694679176654232E+01
  0.1903073750316469E+02
  0.3128782774996021E+01
 -0.4266674722757175E+02
 -0.8004952268258120E+02
 -0.8150477507849776E+02
 -0.3947382162637850E+02
  0.2783769770971145E+02
  0.6657172261930046E+02
 -0.2193646016396894E+02
 -0.3158980405650216E+03
 -0.5404444656156895E+03
  0.1388533117964891E+03
  0.3244188601369875E+04
 -0.6662052609080532E+04
  0.5252160485215381E+04
 -0.8125204772203605E+03
  0.2765440273634493E+04
  0.5261915395705034E+03
 -0.1631559477961057E+03
 -0.2242134148234974E+03
 -0.5499468749857725E+02
  0.3814066309817272E+02
  0.2226829249884631E+02
 -0.4182429116274388E+02
 -0.9318089286965954E+02
 -0.9881541567787772E+02
 -0.4615330019971983E+02
  0.6711455529477301E+02
  0.2165242203617761E+03
  0.2667214683779119E+03
 -0.1050840892346456E+03
 -0.3925873637013869E+03
 -0.1625927233560148E+04
  0.9819762491988972E+03
 -0.4853359968471871E+04
  0.1849358182996083E+05
 -0.1402914149090227E+05
  0.3488963839301529E+04
  0.2750696121861949E+03
 -0.6487729767131569E+03
 -0.4965495680434268E+03
 -0.1168790153811131E+03
  0.3520436947516618E+02
  0.3412803355008037E+01
 -0.9112010604583840E+02
 -0.1556377510495578E+03
 -0.1508361681088551E+03
 -0.6918203425780987E+02
  0.1062272683556013E+03
  0.3940005487235131E+03
  0.6269057704120164E+03
  0.5334220784662004E+02
  0.6189864727025271E+03
 -0.3139331651015248E+04
  0.1231483454467930E+05
 -0.1617102118842497E+05
 -0.1940663786109969E+04
  0.6083921722759705E+04
  0.6017487345772515E+04
  0.3651927959944231E+04
 -0.5076286212854992E+03
 -0.5031396857267670E+03
 -0.7992781351877409E+02
  0.5066408658296996E+02
 -0.3892558072517286E+02
 -0.1928785074660505E+03
 -0.2978838429387117E+03
 -0.3001840041850851E+03
 -0.1905952766759878E+03
  0.3189596969234709E+02
  0.3608695659638755E+03
  0.5621879788154075E+03
 -0.4783199909857819E+03
 -0.4651615209293918E+04
 -0.4257928939625794E+04
 -0.4922056212094545E+04
  0.1232383168853383E+04
  0.3699051869797849E+05
 -0.3687839793106483E+05
  0.8898937355780477E+04
  0.2594167027189545E+04
 -0.4251190569287080E+03
 -0.7564013236767924E+02
  0.1933914069804307E+03
  0.1610408942869819E+03
 -0.1684385359494984E+02
 -0.2214430368851436E+03
 -0.3963108577731343E+03
 -0.4990395722577703E+03
 -0.4945126046857887E+03
 -0.3693575942598246E+03
 -0.1381847752346431E+03
  0.1114975736599528E+03
 -0.4653851535562695E+03
 -0.5408430004197512E+04
 -0.8677714583462668E+04
  0.3450186928606909E+05
 -0.3442006342474282E+05
 -0.5429754928935246E+05
  0.4566102819420803E+05
 -0.3215689127303177E+04
 -0.2853262447907855E+04
  0.1515084701416896E+03
  0.7568421996432787E+03
  0.4551523403265653E+03
  0.2121816728584939E+03
  0.1080563682190251E+03
  0.6019228534285531E+02
 -0.7954372603112074E+01
 -0.1328906578780026E+03
 -0.3184730902441684E+03
 -0.5566886646435843E+03
 -0.7819967668522918E+03
 -0.5725374324739172E+03
  0.1062300066927198E+04
  0.3341965035506867E+04
  0.1008171642939657E+04
 -0.4047974081170625E+05
  0.4855678668246482E+05
 -0.5429755866726379E+05
 -0.5429756804517511E+05
 -0.5828535787591528E+04
 -0.4347290039954996E+03
 -0.1856921011396771E+04
 -0.2056786373479965E+04
 -0.1308670434583323E+04
 -0.5201090753912957E+03
  0.1391031866685919E+03
  0.7101146619854194E+03
  0.1242627281148055E+04
  0.1747693344170694E+04
  0.2217293898196375E+04
  0.2654200239268598E+04
  0.2999906404625678E+04
  0.2848596990025789E+04
  0.1607128841681424E+04
  0.1285731129424610E+04
  0.8493413248118048E+04
  0.4855678668246482E+05
  0.4855678668246482E+05
 -0.5232601819261920E+01
  0.1000000000000000E+01
  0.1000000000000000E+01
  0.1000000000000000E+01
  0.1000000000000000E+01
  0.1000000000000000E+01
  0.1000000000000000E+01
  0.1000000000000000E+01
  0.1000000000000000E+01
  0.1000000000000000E+01
  0.1000000000000000E+01
  0.1000000000000000E+01
  0.1000000000000000E+01
  0.1000000000000000E+01
  0.1000000000000000E+01
  0.1000000000000000E+01
  0.1000000000000000E+01
  0.1000000000000000E+01
  0.1000000000000000E+01
  0.1000000000000000E+01
  0.4015358382787579E+01
 -0.1146520363852384E+02
 -0.1046384741433844E+02
 -0.7459778741782245E+01
 -0.4647684049435371E+01
 -0.2715307101415442E+01
 -0.1496822004337634E+01
 -0.7170153440711968E+00
 -0.1936269906515717E+00
  0.1744145352433322E+00
  0.4448382101392168E+00
  0.6540209047444422E+00
  0.8318481337977216E+00
  0.1016739406423780E+01
  0.1260269417685667E+01
  0.1613427159073321E+01
  0.2123205375174064E+01
  0.2859809529690639E+01
  0.3922626874844175E+01
  0.5318323021831785E+01
  0.6602618329639314E+01
  0.7030716765575158E+01
 -0.8058634655289922E+01
 -0.7479423986148532E+01
 -0.5741791978724365E+01
 -0.4363757070661793E+01
 -0.3107773937199294E+01
 -0.2067493111640032E+01
 -0.1265566233955741E+01
 -0.6668109809484259E+00
 -0.2154280594906345E+00
  0.1399687200766549E+00
  0.4382995964480355E+00
  0.7126639720417102E+00
  0.1008404979964249E+01
  0.1389328407949858E+01
  0.1906994709634721E+01
  0.2571594188833441E+01
  0.3365412642586581E+01
  0.4263343975641165E+01
  0.5223235200183570E+01
  0.6173775674401289E+01
  0.6490622499140528E+01
 -0.9330481349152947E+01
 -0.8732610759909944E+01
 -0.6938998992180938E+01
 -0.4622243528175082E+01
 -0.2937183513649728E+01
 -0.1845897501829354E+01
 -0.1110133573405324E+01
 -0.5874163043552494E+00
 -0.1946507036411537E+00
  0.1229151991345268E+00
  0.4041070784798776E+00
  0.6808945546189492E+00
  0.9897004178970688E+00
  0.1374577409045929E+01
  0.1868007934424306E+01
  0.2481447204075598E+01
  0.3249474159390441E+01
  0.4277567080297423E+01
  0.5570377414248315E+01
  0.6608994272054916E+01
  0.6955199891323781E+01
 -0.9517482603320772E+01
 -0.8835286580844322E+01
 -0.6788698513414976E+01
 -0.4555551247760101E+01
 -0.2825020627494532E+01
 -0.1689759780547992E+01
 -0.9604659363235704E+00
 -0.4657450990417292E+00
 -0.1030782544723349E+00
  0.1868177536574600E+00
  0.4427837651466825E+00
  0.6960798936579314E+00
  0.9773333128876343E+00
  0.1318569844474590E+01
  0.1750752578593849E+01
  0.2315389905323447E+01
  0.3104610038675163E+01
  0.4248172579246019E+01
  0.5675982593739730E+01
  0.6881634252364481E+01
  0.7283518138572733E+01
 -0.1016815944558340E+02
 -0.9412878403011147E+01
 -0.7147035275294388E+01
 -0.4645142486376593E+01
 -0.2821900472913078E+01
 -0.1657586275008724E+01
 -0.9194555163102796E+00
 -0.4231344573630194E+00
 -0.6075947146162730E-01
  0.2269726642647178E+00
  0.4765724824446463E+00
  0.7167122819547691E+00
  0.9751971819487435E+00
  0.1282590502238005E+01
  0.1678476019126889E+01
  0.2229717791186597E+01
  0.3056161311008048E+01
  0.4291642875325206E+01
  0.5874034961644313E+01
  0.7240916077563277E+01
  0.7696543116202932E+01
 -0.1077797008481763E+02
 -0.9911844749196280E+01
 -0.7313468742332237E+01
 -0.4659462547594441E+01
 -0.2804665469236673E+01
 -0.1646157163095287E+01
 -0.9150507872751698E+00
 -0.4205797980234863E+00
 -0.5576645142036171E-01
  0.2362942111155322E+00
  0.4890705139486159E+00
  0.7280535904015283E+00
  0.9788060110811340E+00
  0.1272553873553961E+01
  0.1655272814351621E+01
  0.2205266893994933E+01
  0.3050895586285153E+01
  0.4338775767254353E+01
  0.6057472828234104E+01
  0.7630549902180960E+01
  0.8154908926829913E+01
 -0.1154231952578759E+02
 -0.1054468889055329E+02
 -0.7551796984850390E+01
 -0.4667110559419073E+01
 -0.2767385101758639E+01
 -0.1623179492924999E+01
 -0.9093159158474039E+00
 -0.4238996578097814E+00
 -0.6125811970407109E-01
  0.2328339838000480E+00
  0.4894881232571027E+00
  0.7318070358588793E+00
  0.9832251706649903E+00
  0.1274112198438393E+01
  0.1651503923702955E+01
  0.2195951256326961E+01
  0.3041665065193862E+01
  0.4368982960789653E+01
  0.6248431689221723E+01
  0.8080559708903364E+01
  0.8691269048797244E+01
 -0.1242270629835148E+02
 -0.1125936246382380E+02
 -0.7769330960240764E+01
 -0.4651421446393272E+01
 -0.2717766713732063E+01
 -0.1593825184881303E+01
 -0.9000310767821623E+00
 -0.4252594647260152E+00
 -0.6644543147806048E-01
  0.2277630428088777E+00
  0.4869009537933287E+00
  0.7326753380389885E+00
  0.9866375167445735E+00
  0.1276901500161577E+01
  0.1648164771096226E+01
  0.2179797608458200E+01
  0.3014282248466715E+01
  0.4377233463374234E+01
  0.6440597839415029E+01
  0.8603270470388235E+01
  0.9324161347379304E+01
 -0.1348086110267348E+02
 -0.1210726583611816E+02
 -0.7986480036452193E+01
 -0.4615551365376580E+01
 -0.2661728088314289E+01
 -0.1565144976759786E+01
 -0.8918021546417580E+00
 -0.4261024750736525E+00
 -0.7022446397684966E-01
  0.2238416441861788E+00
  0.4846469533911704E+00
  0.7332751702765511E+00
  0.9897028796445906E+00
  0.1279142705381432E+01
  0.1642395115535207E+01
  0.2156345130856907E+01
  0.2972403019362708E+01
  0.4365337919156886E+01
  0.6633871064415544E+01
  0.9222592564910242E+01
  0.1008549973174181E+02
 -0.1476502283931385E+02
 -0.1311677746118892E+02
 -0.8172041326814155E+01
 -0.4544656783711159E+01
 -0.2598338975321886E+01
 -0.1539646500969325E+01
 -0.8867624389063482E+00
 -0.4276606675012234E+00
 -0.7325542354865069E-01
  0.2207970352310911E+00
  0.4828371173350501E+00
  0.7341180601753944E+00
  0.9934388401739576E+00
  0.1282828295631134E+01
  0.1638038812164939E+01
  0.2131511385589263E+01
  0.2920820260686507E+01
  0.4329443637797813E+01
  0.6819995311342158E+01
  0.9969855932825695E+01
  0.1101980947332021E+02
 -0.1635634082951096E+02
 -0.1435613940815547E+02
 -0.8355535144089004E+01
 -0.4452847029759953E+01
 -0.2532739536937865E+01
 -0.1520079146244462E+01
 -0.8859479086897739E+00
 -0.4301294370406648E+00
 -0.7576716759657509E-01
  0.2180641035796650E+00
  0.4807012563616731E+00
  0.7345954211418637E+00
  0.9979687020775527E+00
  0.1289559820083179E+01
  0.1638678890738037E+01
  0.2110100074061061E+01
  0.2862905858436769E+01
  0.4268296330647516E+01
  0.6992526429619619E+01
  0.1089354899200987E+02
  0.1219388984613995E+02
 -0.1844002395513492E+02
 -0.1589802579628877E+02
 -0.8272031319750324E+01
 -0.4271904155192590E+01
 -0.2460564329951556E+01
 -0.1509880622732340E+01
 -0.8908366467407981E+00
 -0.4336785279897383E+00
 -0.7789889758354154E-01
  0.2151094542372220E+00
  0.4773247383559848E+00
  0.7336089255296274E+00
  0.1002463317801984E+01
  0.1299546795980935E+01
  0.1646164750847645E+01
  0.2094490007690625E+01
  0.2795618781138716E+01
  0.4152074492891161E+01
  0.7059682068590667E+01
  0.1205738916764146E+02
  0.1372329153399172E+02
 -0.2104662379564730E+02
 -0.1791941064267515E+02
 -0.8537771183758700E+01
 -0.4126696516790917E+01
 -0.2407361841072729E+01
 -0.1514750106166202E+01
 -0.9015447690201667E+00
 -0.4375089709592601E+00
 -0.7935451624119789E-01
  0.2116599460345000E+00
  0.4719498041661901E+00
  0.7298984173332659E+00
  0.1005300795375732E+01
  0.1311484582013557E+01
  0.1660645829621300E+01
  0.2087025212464097E+01
  0.2726464061557756E+01
  0.4021445265018142E+01
  0.7201641644128982E+01
  0.1355807311504088E+02
  0.1567688360534485E+02
 -0.2402790351280483E+02
 -0.1979949240382972E+02
 -0.7114259076904400E+01
 -0.3769264627091010E+01
 -0.2331846211785303E+01
 -0.1518049910865711E+01
 -0.9081493430441051E+00
 -0.4360729882401770E+00
 -0.7714814373483249E-01
  0.2094375591365487E+00
  0.4653189553367781E+00
  0.7228642540171124E+00
  0.1004067516262938E+01
  0.1321114433154400E+01
  0.1676582940714145E+01
  0.2079406451215236E+01
  0.2633308484183043E+01
  0.3770869775502953E+01
  0.6494095459615257E+01
  0.1538519026402673E+02
  0.1834888853216389E+02
 -0.3359286426205341E+02
 -0.2718268582120749E+02
 -0.7952150498669715E+01
 -0.3431702733187123E+01
 -0.2210834567632765E+01
 -0.1496883797240062E+01
 -0.8946753872801745E+00
 -0.4197017656904757E+00
 -0.6462112604802278E-01
  0.2141019340300563E+00
  0.4621570019886117E+00
  0.7150988604601237E+00
  0.9976779068782095E+00
  0.1323250157878253E+01
  0.1688186632097964E+01
  0.2069265485278915E+01
  0.2495644972596331E+01
  0.3523640165516641E+01
  0.6823288476743454E+01
  0.2045418887825024E+02
  0.2499782234541917E+02
 -0.2516386170418385E+02
 -0.1940879696204501E+02
 -0.2143602735628510E+01
 -0.2864281022257371E+01
 -0.2221487163425560E+01
 -0.1521232994708063E+01
 -0.8738077599478878E+00
 -0.3883784798122470E+00
 -0.3844935076555244E-01
  0.2310163678583206E+00
  0.4697254457959166E+00
  0.7145641804526568E+00
  0.9927591214881062E+00
  0.1325295926261115E+01
  0.1723606043380761E+01
  0.2153777967925636E+01
  0.2410481564261420E+01
  0.3241710745302160E+01
  0.2772454275851374E+01
  0.1582933870108297E+02
  0.2018163350949350E+02
 -0.6681580387085305E+02
 -0.5210267745798398E+02
 -0.7963298219376803E+01
 -0.1864448180953365E+01
 -0.2640915863307693E+01
 -0.1716674950429157E+01
 -0.8921319915889319E+00
 -0.3627714785840594E+00
 -0.1140303261074811E-01
  0.2497048338523764E+00
  0.4817097457358771E+00
  0.7229933165688777E+00
  0.1001362473846220E+01
  0.1352944009738981E+01
  0.1838726106880107E+01
  0.2467087844068641E+01
  0.2598999260232329E+01
  0.2169233787133875E+01
  0.6307976949435366E+01
  0.4285257566691606E+02
  0.5503410857274296E+02
 -0.7935945995608413E+01
 -0.4298628232058964E+01
  0.6613325058589384E+01
 -0.5567381712947920E+00
 -0.3370361349190856E+01
 -0.2043504528388129E+01
 -0.9566456560099380E+00
 -0.3557240717430337E+00
 -0.7549919097442201E-02
  0.2315379950349720E+00
  0.4481030585687902E+00
  0.6886866858090834E+00
  0.9846397509454561E+00
  0.1388002317879204E+01
  0.2007909712095806E+01
  0.2889790807576994E+01
  0.2861143132797439E+01
 -0.7708197661878370E+00
 -0.5084223644259483E+01
  0.5575735291728958E+01
  0.9129054937058440E+01
 -0.1184977520500325E+02
 -0.1267395118132252E+02
 -0.1514647911028035E+02
 -0.8644086011055556E+01
 -0.4563108066984060E+01
 -0.2096039067038590E+01
 -0.8542267068907645E+00
 -0.2902036514405079E+00
 -0.2249851382140869E-01
  0.1373177754689503E+00
  0.2821546626196751E+00
  0.4615503374633058E+00
  0.7178979342121650E+00
  0.1123722477684573E+01
  0.1820759133790439E+01
  0.2998510615884454E+01
  0.4716800856229123E+01
  0.7460166008118525E+01
  0.1092720174019191E+02
  0.1014355727610020E+02
  0.9882342454736293E+01
 -0.5924887602501624E+01
  0.0000000000000000E+00
  0.0000000000000000E+00
  0.0000000000000000E+00
  0.0000000000000000E+00
  0.0000000000000000E+00
  0.0000000000000000E+00
  0.0000000000000000E+00
  0.0000000000000000E+00
  0.0000000000000000E+00
  0.0000000000000000E+00
  0.0000000000000000E+00
  0.0000000000000000E+00
  0.0000000000000000E+00
  0.0000000000000000E+00
  0.0000000000000000E+00
  0.0000000000000000E+00
  0.0000000000000000E+00
  0.0000000000000000E+00
  0.0000000000000000E+00
  0.4941171227368146E+01
