 -0.3388131789017201E-20
  0.0000000000000000E+00
  0.1694065894508601E-20
 -0.1694065894508601E-20
 -0.3388131789017201E-20
  0.3388131789017201E-20
 -0.6776263578034403E-20
  0.5082197683525802E-20
 -0.8470329472543003E-20
  0.1016439536705160E-19
  0.6776263578034403E-20
 -0.1185846126156020E-19
 -0.3388131789017201E-20
  0.8470329472543003E-20
  0.1694065894508601E-20
 -0.1694065894508601E-20
  0.1524659305057741E-19
 -0.1016439536705160E-19
  0.0000000000000000E+00
  0.3388131789017201E-20
  0.1694065894508601E-20
 -0.5082197683525802E-20
  0.2359743145544192E+02
  0.7497910586167957E+01
  0.2463924049114016E+01
  0.1781898907742010E+01
  0.2135274334376874E+01
  0.2174090383222442E+01
  0.1979880367150292E+01
  0.1715048485112611E+01
  0.1401040837163896E+01
  0.1032209265376284E+01
  0.6168431941240292E+00
  0.1609437069649935E+00
 -0.3450141923650937E+00
 -0.9009106929984618E+00
 -0.1398636464683605E+01
 -0.1484305443633078E+01
 -0.1551135298785983E+01
 -0.6196981902223652E+01
 -0.2622252088499214E+02
 -0.1694065894508601E-20
  0.1694065894508601E-20
 -0.1430760760368038E+02
  0.6450728775838195E+01
  0.8930799111156723E+01
  0.5184133255445194E+01
  0.3153753458195831E+01
  0.2626210089320705E+01
  0.2638658321043175E+01
  0.2683088279806703E+01
  0.2524677902352586E+01
  0.2091066591007763E+01
  0.1424700321613314E+01
  0.6420865650477136E+00
 -0.1096360439389013E+00
 -0.7221122411596244E+00
 -0.1317225848397109E+01
 -0.2608677507951433E+01
 -0.5656399052156469E+01
 -0.5053481468907349E+01
  0.1545942816836970E+02
  0.1016439536705160E-19
  0.0000000000000000E+00
 -0.1023868551622620E+01
  0.6251648538825521E+01
  0.8805946411367087E+01
  0.5489677806989180E+01
  0.2950057439545200E+01
  0.2227180678597258E+01
  0.2398390094339022E+01
  0.2705495507001490E+01
  0.2776001961398227E+01
  0.2478906744171155E+01
  0.1851494599706182E+01
  0.1068365500098839E+01
  0.3695705148888942E+00
 -0.1172678739036945E+00
 -0.7181393677447198E+00
 -0.2565404306049007E+01
 -0.6446409624768354E+01
 -0.6144479438531009E+01
  0.9177473266703573E+00
  0.1355252715606881E-19
 -0.1694065894508601E-20
 -0.8344673043158139E+01
  0.2067606681609513E+01
  0.4034164141885297E+01
  0.3534471127313496E+01
  0.2191153184454766E+01
  0.1804621390883064E+01
  0.2083898246980315E+01
  0.2474898348520711E+01
  0.2646331310375425E+01
  0.2468077873350822E+01
  0.1970098631249666E+01
  0.1321154266192754E+01
  0.7519575693243716E+00
  0.3709315360476650E+00
 -0.9227538548450280E-01
 -0.1323549856031358E+01
 -0.3138416418844823E+01
 -0.1765479929006190E+01
  0.9565838141746006E+01
 -0.3388131789017201E-20
  0.0000000000000000E+00
 -0.3635309012448713E+01
  0.4583406487362041E+00
  0.2102344550956300E+01
  0.2301746315368183E+01
  0.1779460610210452E+01
  0.1642265409674544E+01
  0.1917510680945578E+01
  0.2285061290364685E+01
  0.2481069426576448E+01
  0.2382306654839449E+01
  0.2007413203437880E+01
  0.1492158324065847E+01
  0.1012213700646712E+01
  0.6358540852970209E+00
  0.1832314413411647E+00
 -0.6492530930003176E+00
 -0.1496715447665091E+01
 -0.6554375357209667E+00
  0.4038249050109650E+01
 -0.3388131789017201E-20
  0.1694065894508601E-20
 -0.4199967745899967E+01
 -0.1469860275011106E+01
  0.7692741394259374E+00
  0.1542853316396845E+01
  0.1549565833035218E+01
  0.1579098602015381E+01
  0.1829892419203712E+01
  0.2158366390611517E+01
  0.2367300217640909E+01
  0.2339639607007119E+01
  0.2074940397287978E+01
  0.1668548429224594E+01
  0.1240148198872057E+01
  0.8272733750386627E+00
  0.3362552962139643E+00
 -0.2462007144547345E+00
 -0.2787561247767507E+00
  0.1677053877442938E+01
  0.5211292807314860E+01
  0.0000000000000000E+00
 -0.3388131789017201E-20
 -0.3584215009671298E+01
 -0.2239311667145058E+01
 -0.2968051500940222E+00
  0.8035019269118263E+00
  0.1216504659588853E+01
  0.1445437153382646E+01
  0.1734893559021664E+01
  0.2060380401747929E+01
  0.2295367839771552E+01
  0.2340106045341295E+01
  0.2177225214020480E+01
  0.1865200696906416E+01
  0.1484633643484566E+01
  0.1071355210536242E+01
  0.6244407100665808E+00
  0.3030783918377556E+00
  0.6922526757059444E+00
  0.2406593251431053E+01
  0.4258198714356755E+01
  0.0000000000000000E+00
 -0.5082197683525802E-20
 -0.3233295325996120E+01
 -0.2971037939564187E+01
 -0.1270339054422404E+01
  0.4743737473419352E-01
  0.7804957840076572E+00
  0.1225665309033562E+01
  0.1608471161795064E+01
  0.1970748766582515E+01
  0.2247062530510430E+01
  0.2362572523027326E+01
  0.2291256546854991E+01
  0.2064326185824727E+01
  0.1739738568327189E+01
  0.1368960875291654E+01
  0.1030745609702671E+01
  0.9761092236899335E+00
  0.1699559776901117E+01
  0.3352691433883686E+01
  0.3916716853224448E+01
  0.3388131789017201E-20
  0.0000000000000000E+00
 -0.2974418256913191E+01
 -0.3391850429082953E+01
 -0.2058557793727662E+01
 -0.6707062252205993E+00
  0.2954964723458515E+00
  0.9455824053660901E+00
  0.1450881095301816E+01
  0.1880222767089075E+01
  0.2211746657545902E+01
  0.2395634466261413E+01
  0.2405157959059923E+01
  0.2255425893127991E+01
  0.1994087243091399E+01
  0.1692832116570230E+01
  0.1485086525713711E+01
  0.1644373047146335E+01
  0.2506190977376670E+01
  0.3828532108989800E+01
  0.3621746762990189E+01
  0.3388131789017201E-20
  0.1694065894508601E-20
 -0.2779271479290876E+01
 -0.3708657201041416E+01
 -0.2730672089935684E+01
 -0.1347957496892346E+01
 -0.2132576930064940E+00
  0.6219362474159312E+00
  0.1263572235809328E+01
  0.1782219856646634E+01
  0.2182368874399484E+01
  0.2435108230120138E+01
  0.2518374019465019E+01
  0.2441085249723998E+01
  0.2249759708830982E+01
  0.2035936076652250E+01
  0.1966872367184704E+01
  0.2304817483824225E+01
  0.3234882618860246E+01
  0.4238294264650295E+01
  0.3398842686194418E+01
  0.1694065894508601E-20
 -0.3388131789017201E-20
 -0.2617995421926787E+01
 -0.3930352299833531E+01
 -0.3291088278236537E+01
 -0.1972223461348292E+01
 -0.7252459629212230E+00
  0.2699317406014778E+00
  0.1050674536373488E+01
  0.1673057210412663E+01
  0.2153526309191895E+01
  0.2478360359659237E+01
  0.2632907749560118E+01
  0.2627225376921280E+01
  0.2512658583775361E+01
  0.2397109872321007E+01
  0.2462338627392033E+01
  0.2933585667470185E+01
  0.3853114983310668E+01
  0.4521987872616973E+01
  0.3206885962629304E+01
 -0.3388131789017201E-20
  0.0000000000000000E+00
 -0.2483662010103376E+01
 -0.4088216562954128E+01
 -0.3760793929825250E+01
 -0.2537571822722444E+01
 -0.1220995917062078E+01
 -0.9297162258310473E-01
  0.8208524244804757E+00
  0.1553946666207920E+01
  0.2123376869076033E+01
  0.2524212488088359E+01
  0.2750026153452716E+01
  0.2817017295191616E+01
  0.2784680483389122E+01
  0.2772564970609008E+01
  0.2962225249877487E+01
  0.3529240106287328E+01
  0.4390791240728551E+01
  0.4733080309526829E+01
  0.3045187350073728E+01
  0.1694065894508601E-20
 -0.3388131789017201E-20
 -0.2371145409713699E+01
 -0.4199260742568496E+01
 -0.4147701723651075E+01
 -0.3035570262971050E+01
 -0.1687100602145478E+01
 -0.4572346721828320E+00
  0.5791163131752934E+00
  0.1428721684607844E+01
  0.2096981208514005E+01
  0.2578771493574628E+01
  0.2875246368855054E+01
  0.3013385709651138E+01
  0.3063827061749955E+01
  0.3153758271784129E+01
  0.3454308627914097E+01
  0.4085663315338061E+01
  0.4857633890013688E+01
  0.4894263944697792E+01
  0.2910751251770171E+01
 -0.5082197683525802E-20
  0.0000000000000000E+00
 -0.2274820102219790E+01
 -0.4272138793695806E+01
 -0.4460228353475379E+01
 -0.3476135845188702E+01
 -0.2143869024548811E+01
 -0.8480747930895663E+00
  0.3074252685666861E+00
  0.1294711462941190E+01
  0.2087369251080781E+01
  0.2664459159326560E+01
  0.3031683260877039E+01
  0.3232924805836027E+01
  0.3355803809965902E+01
  0.3534472963339475E+01
  0.3925096208795206E+01
  0.4593875150440157E+01
  0.5256630679305314E+01
  0.4998201707863525E+01
  0.2779904602782521E+01
  0.0000000000000000E+00
  0.8470329472543003E-20
 -0.2196505080311877E+01
 -0.4322603401076427E+01
 -0.4724364550595059E+01
 -0.3914670246956029E+01
 -0.2668808530445269E+01
 -0.1338417146081260E+01
 -0.4376953926393206E-01
  0.1132461185262440E+01
  0.2104659896159784E+01
  0.2815194890465592E+01
  0.3267060814065649E+01
  0.3525792617343756E+01
  0.3703329486835763E+01
  0.3942735110783369E+01
  0.4384878281526399E+01
  0.5054827216260885E+01
  0.5610007581523413E+01
  0.5121050116448589E+01
  0.2698174688765187E+01
  0.3388131789017201E-20
  0.5082197683525802E-20
 -0.2117703833148548E+01
 -0.4339267928475687E+01
 -0.4984472419788501E+01
 -0.4438332219105114E+01
 -0.3341732032439971E+01
 -0.1977396522631627E+01
 -0.5065174255401778E+00
  0.9095234297096951E+00
  0.2117211695103519E+01
  0.3016199030346764E+01
  0.3598380904116800E+01
  0.3944912690932096E+01
  0.4188870304566138E+01
  0.4475928553105932E+01
  0.4920977988386892E+01
  0.5509530775910064E+01
  0.5867687171836494E+01
  0.5054094774963091E+01
  0.2500658075747154E+01
  0.0000000000000000E+00
 -0.3388131789017201E-20
 -0.2117858253914773E+01
 -0.4439522769004622E+01
 -0.5287977155728585E+01
 -0.5010686401747122E+01
 -0.4020536002331045E+01
 -0.2588926010455239E+01
 -0.9709565044971354E+00
  0.6115801940942993E+00
  0.1992663645065355E+01
  0.3070447323566172E+01
  0.3829367671943420E+01
  0.4344308552858303E+01
  0.4742536097849259E+01
  0.5147133616254443E+01
  0.5619389084986059E+01
  0.6095269571383098E+01
  0.6290990066495385E+01
  0.5454510904236007E+01
  0.2654284900101138E+01
  0.0000000000000000E+00
 -0.1694065894508601E-20
 -0.1917382854935429E+01
 -0.4199850357150654E+01
 -0.5290712065189009E+01
 -0.5073343798187419E+01
 -0.4018960950767541E+01
 -0.2593252388986015E+01
 -0.1103710226457707E+01
  0.2885612384577873E+00
  0.1514309059224630E+01
  0.2542209755618810E+01
  0.3371023607431607E+01
  0.4047837555059152E+01
  0.4658894078456836E+01
  0.5285701526959715E+01
  0.5932892805094757E+01
  0.6412536223116356E+01
  0.6207711692263710E+01
  0.4583429178244775E+01
  0.1668774992036132E+01
  0.0000000000000000E+00
  0.0000000000000000E+00
 -0.2866052175964600E+01
 -0.4690452092846207E+01
 -0.4486536167625490E+01
 -0.3461293345055573E+01
 -0.2365505863622335E+01
 -0.1414201181514749E+01
 -0.6181391204258265E+00
  0.5560694893540992E-01
  0.6469055490094413E+00
  0.1187180516793055E+01
  0.1694175540973974E+01
  0.2187795266712322E+01
  0.2707731339400876E+01
  0.3323312881260167E+01
  0.4137888198641811E+01
  0.5248585151334273E+01
  0.6516115616814671E+01
  0.6972141602884027E+01
  0.4545543835949585E+01
 -0.1694065894508601E-20
  0.1694065894508601E-20
  0.0000000000000000E+00
  0.1694065894508601E-20
 -0.1694065894508601E-20
 -0.1694065894508601E-20
 -0.1694065894508601E-20
 -0.1694065894508601E-20
  0.0000000000000000E+00
  0.0000000000000000E+00
  0.1694065894508601E-20
  0.1694065894508601E-20
  0.1694065894508601E-20
  0.0000000000000000E+00
  0.0000000000000000E+00
  0.0000000000000000E+00
  0.0000000000000000E+00
  0.0000000000000000E+00
  0.0000000000000000E+00
  0.0000000000000000E+00
 -0.1694065894508601E-20
  0.0000000000000000E+00
  0.4855680086728089E+05
  0.4855680086728089E+05
  0.8493404063133918E+04
  0.1285726338897063E+04
  0.1607131439800555E+04
  0.2848600034026793E+04
  0.2999907718871093E+04
  0.2654201217323578E+04
  0.2217295007320503E+04
  0.1747694491674142E+04
  0.1242628369260220E+04
  0.7101157082940425E+03
  0.1391042964230262E+03
 -0.5201077632352942E+03
 -0.1308668767353890E+04
 -0.2056784471064525E+04
 -0.1856920977641394E+04
 -0.4347333050132644E+03
 -0.5828536100206295E+04
 -0.5429752940502101E+05
 -0.5429753878292904E+05
  0.4855680086728089E+05
 -0.4047976792932094E+05
  0.1008176744242914E+04
  0.3341964863845935E+04
  0.1062294371528377E+04
 -0.5725418182758083E+03
 -0.7819986735113827E+03
 -0.5566896950985299E+03
 -0.3184737730405635E+03
 -0.1328910743651789E+03
 -0.7954575446714706E+01
  0.6019220518952265E+02
  0.1080562923583414E+03
  0.2121814894717009E+03
  0.4551519359496248E+03
  0.7568415269266728E+03
  0.1515089967291966E+03
 -0.2853257996113991E+04
 -0.3215683921681496E+04
  0.4566101056164168E+05
 -0.5429754816083706E+05
 -0.3442007251749415E+05
  0.3450188780951521E+05
 -0.8677714953644914E+04
 -0.5408417732069001E+04
 -0.4653778785921285E+03
  0.1114994563638264E+03
 -0.1381840901630591E+03
 -0.3693575750006761E+03
 -0.4945129308988177E+03
 -0.4990400312661696E+03
 -0.3963113362709215E+03
 -0.2214434796768435E+03
 -0.1684422493439536E+02
  0.1610406930800711E+03
  0.1933915451905781E+03
 -0.7563959505322173E+02
 -0.4251186660166860E+03
  0.2594163083409596E+04
  0.8898937400748857E+04
 -0.3687838598122162E+05
  0.3699051729723137E+05
  0.1232389281629296E+04
 -0.4922063013920096E+04
 -0.4257940816315134E+04
 -0.4651620147647935E+04
 -0.4783136897834131E+03
  0.5621907908716458E+03
  0.3608698026680663E+03
  0.3189559733527846E+02
 -0.1905956167631586E+03
 -0.3001842983627673E+03
 -0.2978841634616086E+03
 -0.1928788509881731E+03
 -0.3892585796858375E+02
  0.5066402488053118E+02
 -0.7992750027168431E+02
 -0.5031389324534217E+03
 -0.5076285679356682E+03
  0.3651920985308465E+04
  0.6017486851320568E+04
  0.6083918844646397E+04
 -0.1940662006715666E+04
 -0.1617103142788961E+05
  0.1231484814905722E+05
 -0.3139335104576830E+04
  0.6189832627177018E+03
  0.5334602827731270E+02
  0.6269065259784891E+03
  0.3939999447630853E+03
  0.1062266028714673E+03
 -0.6918243694967271E+02
 -0.1508363909450463E+03
 -0.1556379208151804E+03
 -0.9112027697036541E+02
  0.3412667251079780E+01
  0.3520435642602101E+02
 -0.1168787759557146E+03
 -0.4965488989157631E+03
 -0.6487722898921529E+03
  0.2750699861964482E+03
  0.3488961534895991E+04
 -0.1402913402958330E+05
  0.1849357928480920E+05
 -0.4853357852191709E+04
  0.9819743345240640E+03
 -0.1625933651194234E+04
 -0.3925853879588049E+03
 -0.1050830314139228E+03
  0.2667212566130972E+03
  0.2165236777699648E+03
  0.6711410842283757E+02
 -0.4615359358039727E+02
 -0.9881558734215379E+02
 -0.9318099483477710E+02
 -0.4182436635805766E+02
  0.2226823970097258E+02
  0.3814066549643672E+02
 -0.5499455957210299E+02
 -0.2242130475630881E+03
 -0.1631552712811290E+03
  0.5261930696526025E+03
  0.2765436992165527E+04
 -0.8125210906244658E+03
  0.5252162149406740E+04
 -0.6662058433828894E+04
  0.3244194577902966E+04
  0.1388520106651574E+03
 -0.5404450660330194E+03
 -0.3158978031523128E+03
 -0.2193634927360093E+02
  0.6657168191234589E+02
  0.2783756949811011E+02
 -0.3947398207361690E+02
 -0.8150491398316014E+02
 -0.8004961744391234E+02
 -0.4266680449026752E+02
  0.3128756126016863E+01
  0.1903075312736006E+02
 -0.8694598864894154E+01
  0.4824563880065088E+01
  0.2665449177742862E+03
  0.7546307202264124E+03
  0.1658278262236826E+03
 -0.4348667705339640E+04
  0.8427888762485880E+04
 -0.5233914915551547E+04
  0.1865714064255007E+04
  0.1112671264402667E+03
 -0.3619253853864507E+03
 -0.2962479238738185E+03
 -0.1079771270959501E+03
 -0.2645508991417281E+01
  0.4434011906588220E+01
 -0.3412088115836746E+02
 -0.6964726857797037E+02
 -0.7710006433588218E+02
 -0.5606754848678474E+02
 -0.2517839013584066E+02
 -0.7430089199520951E+01
  0.3555324537959199E+01
  0.8504350554583547E+02
  0.3362619364367779E+03
  0.6220109557892696E+03
  0.3937126273084288E+03
 -0.2199276712639110E+04
  0.6209479706964898E+04
 -0.4560656274844356E+04
  0.1361403998561321E+04
  0.7078870738641529E+03
 -0.1276291755491663E+03
 -0.2336175521243813E+03
 -0.1314175373041673E+03
 -0.4264518072702205E+02
 -0.1714243276251682E+02
 -0.3451867550426169E+02
 -0.6087253286850937E+02
 -0.7264068942460446E+02
 -0.6356660530459278E+02
 -0.4249303017647021E+02
 -0.2013656609369983E+02
  0.1711488960581968E+02
  0.1228798218513241E+03
  0.3165762142141343E+03
  0.3519577694915777E+03
 -0.6143503666929868E+03
 -0.1773692147806719E+04
  0.5586908959155317E+04
 -0.4067952945717946E+04
  0.9973022875912010E+03
  0.7649552064436615E+03
  0.2543993450754255E+02
 -0.1719979957157307E+03
 -0.1379847292426149E+03
 -0.7187212360015801E+02
 -0.3933665957577474E+02
 -0.4128261516644020E+02
 -0.5750381308334758E+02
 -0.6862723544973990E+02
 -0.6514631794057847E+02
 -0.4773133328209776E+02
 -0.1762235640198788E+02
  0.4023134928897408E+02
  0.1554973669962730E+03
  0.2978285329915032E+03
  0.2164633682168627E+03
 -0.6260701709472849E+03
 -0.1337158121570418E+04
  0.5014677637325874E+04
 -0.3698328672386689E+04
  0.7264059932642580E+03
  0.8537434176100287E+03
  0.1787938358154846E+03
 -0.9784820698464999E+02
 -0.1263090053443039E+03
 -0.8766239308192993E+02
 -0.5737936977070549E+02
 -0.5091312867452805E+02
 -0.5909670699733978E+02
 -0.6735934493027372E+02
 -0.6492351259887667E+02
 -0.4683142519445678E+02
 -0.8499116957933927E+01
  0.6205306014823753E+02
  0.1706968015449019E+03
  0.2468930096370227E+03
  0.2965533724840902E+02
 -0.8313439925463350E+03
 -0.1011377471661756E+04
  0.4584302268754805E+04
 -0.3397333584759586E+04
  0.5114783441485037E+03
  0.8696384139650781E+03
  0.2903376280584259E+03
 -0.2432374074308135E+02
 -0.1012649851857388E+03
 -0.9049315549558793E+02
 -0.6867106982990849E+02
 -0.5982637428364878E+02
 -0.6297585434812557E+02
 -0.6814112114777049E+02
 -0.6457598615939514E+02
 -0.4397007862354519E+02
  0.9243784752210622E+00
  0.7673260980826277E+02
  0.1703734664364185E+03
  0.1909301628896581E+03
 -0.9733299914046847E+02
 -0.8824548322442166E+03
 -0.7446103544617208E+03
  0.4220570511443355E+04
 -0.3151852447355306E+04
  0.3429162481078555E+03
  0.8608752369244810E+03
  0.3836646538680548E+03
  0.4754179030508386E+02
 -0.7098056186232338E+02
 -0.8703605505388529E+02
 -0.7574231889073491E+02
 -0.6696136934892974E+02
 -0.6615206789319996E+02
 -0.6782408544355121E+02
 -0.6231804523770334E+02
 -0.3955805385862151E+02
  0.8614754934614684E+01
  0.8312724285383986E+02
  0.1564760627530720E+03
  0.1265834389938071E+03
 -0.2125763841851848E+03
 -0.9038289104150725E+03
 -0.5320127346922277E+03
  0.3920233256618803E+04
 -0.2950742160510096E+04
  0.2107355073048461E+03
  0.8392309975808165E+03
  0.4547383077248229E+03
  0.1033814969855069E+03
 -0.5113473166491150E+02
 -0.8916922932497610E+02
 -0.8558430099741922E+02
 -0.7514219376468806E+02
 -0.6798641880030614E+02
 -0.6291882020213377E+02
 -0.5312310122696255E+02
 -0.2881472689357410E+02
  0.1822952026562035E+02
  0.8461291956698093E+02
  0.1333564359320094E+03
  0.5948967735999130E+02
 -0.3082876229531175E+03
 -0.9129954207734057E+03
 -0.3694596327999021E+03
  0.3677633296359952E+04
 -0.2781682264794710E+04
  0.1037964469697353E+03
  0.8040448550017759E+03
  0.4950733877394913E+03
  0.1264954006539676E+03
 -0.5114145936136165E+02
 -0.9924163287914340E+02
 -0.9972053833695219E+02
 -0.8889679756206820E+02
 -0.7496214867947120E+02
 -0.5757649864533019E+02
 -0.3525057901298053E+02
 -0.3656803009219924E+01
  0.4247700635401619E+02
  0.9648743515438638E+02
  0.1159716670862440E+03
 -0.1615862105788290E+01
 -0.3801942121696314E+03
 -0.8481187485572285E+03
 -0.2049962989831145E+03
  0.3438385561756965E+04
 -0.2649984614359104E+04
  0.2835719307598705E+02
  0.7797745158895710E+03
  0.4950424780832155E+03
  0.1221744531552947E+03
 -0.4049108810545452E+02
 -0.8251305279688758E+02
 -0.9662028722828209E+02
 -0.1074248883346591E+03
 -0.1052245817764221E+03
 -0.7937011927800050E+02
 -0.3331418243656000E+02
  0.2361544790716642E+02
  0.8510526470398510E+02
  0.1377376688376223E+03
  0.1339484198339719E+03
 -0.3205608101817856E+02
 -0.4676336152829290E+03
 -0.9632982713670265E+03
 -0.1564343793708859E+03
  0.3316028649595127E+04
 -0.2504681339111308E+04
 -0.7312636986392145E+02
  0.6479185910306286E+03
  0.4546550467532846E+03
  0.1713699824222542E+03
  0.8255231003422925E+02
  0.4014818204023327E+02
 -0.3032451107258779E+02
 -0.1172570168046192E+03
 -0.1785835771640486E+03
 -0.1804429894343683E+03
 -0.1230333229459690E+03
 -0.3166711032670217E+02
  0.6670113816795325E+02
  0.1455047015421625E+03
  0.1554133731999593E+03
 -0.2936336257538898E+01
 -0.3837745740166752E+03
 -0.5078115804497668E+03
  0.1615688195211936E+03
  0.2920006980316244E+04
 -0.2540794540690247E+04
 -0.1270576533936788E+01
  0.8425282719450970E+03
  0.5673875106409804E+03
  0.4640856418579737E+03
  0.4386840491794669E+03
  0.3164340728171958E+03
  0.1181998562454495E+03
 -0.9492440227754921E+02
 -0.2717674240579965E+03
 -0.3699353863281323E+03
 -0.3770643289957187E+03
 -0.3185072486021464E+03
 -0.2328226137263491E+03
 -0.1518919583111363E+03
 -0.1059751317006738E+03
 -0.1767364201643659E+03
 -0.6618777048624896E+03
 -0.1604477713116367E+04
 -0.3972782395142890E+03
  0.3383782803447154E+04
 -0.1998013492919409E+04
 -0.6056917288643049E+03
 -0.1827785246156261E+00
  0.7866739924805437E+03
  0.1037520590824110E+04
  0.8677200581435982E+03
  0.5448182675764288E+03
  0.2311064763567060E+03
 -0.3091931544731945E+02
 -0.2572541796376590E+03
 -0.4532604881166138E+03
 -0.6071850522434419E+03
 -0.7216910848157504E+03
 -0.8161842128824351E+03
 -0.9027553014892974E+03
 -0.9490970225656981E+03
 -0.8126495540105717E+03
 -0.1694306332856059E+03
  0.1279261474206771E+04
  0.2043263117566402E+04
  0.9808995655814814E+03
 -0.4410537230928619E+04
  0.1942549444538221E+04
  0.2883747782315251E+04
  0.1801474813276335E+04
  0.7679149974291682E+03
  0.2270271840946535E+03
  0.3196294025735835E+02
  0.4100808944290240E+01
  0.3795994738861038E+02
  0.6778972954584056E+02
  0.5382750976781749E+02
 -0.1228110881755851E+02
 -0.1205746489727100E+03
 -0.2643692445908541E+03
 -0.4647721701640168E+03
 -0.8187047583519146E+03
 -0.1571120179882670E+04
 -0.3054409517282174E+04
 -0.4897390966257204E+04
 -0.3816503385810607E+04
  0.7362907384711110E+04
 -0.4410538255909163E+04
 -0.4410539280889707E+04
 -0.7070419589703558E+04
 -0.6284583856359747E+04
 -0.4537511864706697E+04
 -0.2952122235739370E+04
 -0.1713023848886519E+04
 -0.7438177690044899E+03
  0.4774840281273255E+02
  0.7423922336063562E+03
  0.1397703671948892E+04
  0.2039152354758373E+04
  0.2685643131133233E+04
  0.3381464069461616E+04
  0.4220363800762842E+04
  0.5374821029213184E+04
  0.7083865837920587E+04
  0.9346547926475199E+04
  0.1081527014411251E+05
  0.7362907384711110E+04
  0.7362907384711110E+04
 -0.3941178027339278E+01
  0.1000000000000000E+01
  0.1000000000000000E+01
  0.1000000000000000E+01
  0.1000000000000000E+01
  0.1000000000000000E+01
  0.1000000000000000E+01
  0.1000000000000000E+01
  0.1000000000000000E+01
  0.1000000000000000E+01
  0.1000000000000000E+01
  0.1000000000000000E+01
  0.1000000000000000E+01
  0.1000000000000000E+01
  0.1000000000000000E+01
  0.1000000000000000E+01
  0.1000000000000000E+01
  0.1000000000000000E+01
  0.1000000000000000E+01
  0.1000000000000000E+01
  0.6924883634954911E+01
 -0.8882356054678556E+01
 -0.9143573646764459E+01
 -0.9927226423022161E+01
 -0.6460179444779903E+01
 -0.3716807939296039E+01
 -0.1998513656275814E+01
 -0.8207603260917671E+00
 -0.1237231755679355E+00
  0.2821015398035604E+00
  0.5384492525331600E+00
  0.7178450142924111E+00
  0.8626819382102967E+00
  0.1022498170860899E+01
  0.1290203084667747E+01
  0.1854225566714343E+01
  0.3096036520789740E+01
  0.5563102897528035E+01
  0.9644078075731196E+01
  0.1614646863090983E+02
  0.1367394261015983E+02
  0.1284976726990982E+02
 -0.8129052311824930E+01
 -0.4575730714724721E+01
  0.6084234076575905E+01
  0.1770818642706681E+01
 -0.1861150208906187E+01
 -0.1889793246600367E+01
 -0.1007910342045386E+01
 -0.3880028746752676E+00
  0.1535966538823598E-01
  0.3113127743734513E+00
  0.5518964670063732E+00
  0.7684615640511154E+00
  0.1007549423971849E+01
  0.1355723386564982E+01
  0.1956644556941617E+01
  0.3043502505383465E+01
  0.4370358757469644E+01
  0.1556741842943846E+01
 -0.5613323960986650E+01
  0.5298626858087649E+01
  0.8935943797779082E+01
 -0.5403416942890853E+02
 -0.4185262436540308E+02
 -0.5307989174886727E+01
 -0.1169229849388481E+01
 -0.1599003551301408E+01
 -0.1467089812742730E+01
 -0.8387270685008476E+00
 -0.3529447760840032E+00
 -0.1363111188068427E-02
  0.2770061463468453E+00
  0.5182897775557567E+00
  0.7502947034337683E+00
  0.1011402515752613E+01
  0.1362770813046763E+01
  0.1892131029175927E+01
  0.2716673378770178E+01
  0.3640913793920665E+01
  0.2864449174835993E+01
  0.8963288843417354E+01
  0.5310264636164953E+02
  0.6781576553439358E+02
 -0.1918164834624338E+02
 -0.1482934846960831E+02
 -0.1772448839703117E+01
 -0.2241714494051660E+01
 -0.1410485058002579E+01
 -0.1153780170184230E+01
 -0.7236075467319901E+00
 -0.3252969552650212E+00
  0.7240176874350251E-02
  0.2854353017534785E+00
  0.5302741154720375E+00
  0.7689831988854140E+00
  0.1038448852107668E+01
  0.1388377826932262E+01
  0.1873806843395750E+01
  0.2521231712133884E+01
  0.3221485539450890E+01
  0.3864278489617466E+01
  0.3143606470939368E+01
  0.2040879004302117E+02
  0.2616385123371510E+02
 -0.2399785903973104E+02
 -0.1945421799156505E+02
 -0.5823294847067083E+01
 -0.2523644056909856E+01
 -0.1495648413062626E+01
 -0.1069268035562871E+01
 -0.6881883875420655E+00
 -0.3232512876673100E+00
  0.2321370915605758E-02
  0.2849006376620647E+00
  0.5378425881011825E+00
  0.7858976592968612E+00
  0.1064620642339287E+01
  0.1419701108827610E+01
  0.1894674451488628E+01
  0.2496882530917926E+01
  0.3210833005594537E+01
  0.4431700679600089E+01
  0.8952146773190689E+01
  0.2818266583333207E+02
  0.3459283885337920E+02
 -0.1734891111430250E+02
 -0.1438520835566873E+02
 -0.5494100079767446E+01
 -0.2770873963696338E+01
 -0.1633311860811831E+01
 -0.1079408980206149E+01
 -0.6765846838928150E+00
 -0.3211155599016928E+00
 -0.4068238483778467E-02
  0.2771352487952586E+00
  0.5346806442289284E+00
  0.7905620434104005E+00
  0.1077147663647970E+01
  0.1436072326204088E+01
  0.1908148387904008E+01
  0.2518048580822689E+01
  0.3331844464527322E+01
  0.4769262347155507E+01
  0.8114256558570858E+01
  0.2079948037009308E+02
  0.2502788830726716E+02
 -0.1467690481758876E+02
 -0.1255809103316109E+02
 -0.6201649679878073E+01
 -0.3021449731227418E+01
 -0.1726467272329841E+01
 -0.1087027584338574E+01
 -0.6606474948775783E+00
 -0.3114856901614664E+00
 -0.5301522297823360E-02
  0.2701010785413364E+00
  0.5280497915725137E+00
  0.7883396539963781E+00
  0.1079354033298229E+01
  0.1437508309097477E+01
  0.1901543823912023E+01
  0.2514748789720678E+01
  0.3407360072432184E+01
  0.5126693985069998E+01
  0.9537766085571533E+01
  0.1891939778968600E+02
  0.2204660835772416E+02
 -0.1272331067844598E+02
 -0.1105740547961266E+02
 -0.6059689883112704E+01
 -0.3152079065035811E+01
 -0.1795621929982721E+01
 -0.1094492283046284E+01
 -0.6461663620053506E+00
 -0.2995478936895957E+00
 -0.2464054162504977E-02
  0.2663905583865048E+00
  0.5226748486027002E+00
  0.7848901395628817E+00
  0.1077898410525238E+01
  0.1433677868875279E+01
  0.1890835720716983E+01
  0.2509879342138975E+01
  0.3460562581339705E+01
  0.5271901576193254E+01
  0.9272026598591223E+01
  0.1689801420423615E+02
  0.1944001007278446E+02
 -0.1119390713507582E+02
 -0.9893564063949734E+01
 -0.5992534850571476E+01
 -0.3268301153892034E+01
 -0.1862909021130513E+01
 -0.1110102296684951E+01
 -0.6386804615966262E+00
 -0.2895609063621464E+00
  0.2030555120066380E-02
  0.2654040516035727E+00
  0.5192983212200535E+00
  0.7819354837749589E+00
  0.1075766677403941E+01
  0.1430128781820516E+01
  0.1885946999323628E+01
  0.2520077888294671E+01
  0.3532737765771339E+01
  0.5452844234920610E+01
  0.9355529730278150E+01
  0.1535612861704976E+02
  0.1735632824597363E+02
 -0.1001982539712732E+02
 -0.8969869995312171E+01
 -0.5820003789866718E+01
 -0.3329448601497408E+01
 -0.1920823453265583E+01
 -0.1131513578135817E+01
 -0.6380403493709025E+00
 -0.2828293667036202E+00
  0.6560415829046496E-02
  0.2658814040521322E+00
  0.5171624512222068E+00
  0.7792025456060065E+00
  0.1073254931022057E+01
  0.1427660017195392E+01
  0.1886761544243597E+01
  0.2539645258023832E+01
  0.3598337183263987E+01
  0.5544653894552613E+01
  0.9172035894582036E+01
  0.1411676734698811E+02
  0.1576501116445680E+02
 -0.9085514537325492E+01
 -0.8222605797548688E+01
 -0.5633879578218272E+01
 -0.3365343030595322E+01
 -0.1972406268602345E+01
 -0.1156347317597214E+01
 -0.6423966298244377E+00
 -0.2791437613748192E+00
  0.1029637847726321E-01
  0.2667242875860030E+00
  0.5153526062098048E+00
  0.7761579293103033E+00
  0.1070223968751250E+01
  0.1426101829659267E+01
  0.1891801272736359E+01
  0.2565143742073295E+01
  0.3661726261699466E+01
  0.5615548342814017E+01
  0.8986474470727924E+01
  0.1310725627082270E+02
  0.1448085020418763E+02
 -0.8324175216272183E+01
 -0.7603282990190005E+01
 -0.5440606311943474E+01
 -0.3377238693843444E+01
 -0.2014285571300071E+01
 -0.1179799810874151E+01
 -0.6481662735051863E+00
 -0.2769025428813115E+00
  0.1336174534537470E-01
  0.2673241149060709E+00
  0.5130985965421613E+00
  0.7722365217998030E+00
  0.1066444931763834E+01
  0.1425258822256828E+01
  0.1900030204342149E+01
  0.2593823953907162E+01
  0.3717764855627324E+01
  0.5651418333819068E+01
  0.8769325368523132E+01
  0.1225935338841228E+02
  0.1342269606170867E+02
 -0.7691282120805665E+01
 -0.7080571612998657E+01
 -0.5248440089577634E+01
 -0.3368988301835076E+01
 -0.2041668470062929E+01
 -0.1195953478696159E+01
 -0.6515054123431282E+00
 -0.2741132237702321E+00
  0.1677409896611634E-01
  0.2681924141535799E+00
  0.5105114180215486E+00
  0.7671655705819569E+00
  0.1061257612912256E+01
  0.1423899014203896E+01
  0.1909315046490003E+01
  0.2623178257616420E+01
  0.3767383207547415E+01
  0.5667107362309679E+01
  0.8551791368479069E+01
  0.1154468020998127E+02
  0.1254230982381533E+02
 -0.7154921302920343E+01
 -0.6630561259020220E+01
 -0.5057481127319850E+01
 -0.3338781190686802E+01
 -0.2050899041724891E+01
 -0.1205269104955174E+01
 -0.6552742676181156E+00
 -0.2725548706789033E+00
  0.2119327067061794E-01
  0.2719458592073895E+00
  0.5109290206725571E+00
  0.7637053354005733E+00
  0.1055765938963092E+01
  0.1420579152317935E+01
  0.1915049916223557E+01
  0.2646155915489262E+01
  0.3804663535683876E+01
  0.5659459292642441E+01
  0.8313463193390209E+01
  0.1091183648199850E+02
  0.1177796091153459E+02
 -0.6696554920723472E+01
 -0.6240926984965932E+01
 -0.4874043177693314E+01
 -0.3291648325681636E+01
 -0.2056164752140374E+01
 -0.1229719954816516E+01
 -0.6784774303233403E+00
 -0.2825914775128037E+00
  0.2480210526305769E-01
  0.2832871650529457E+00
  0.5234270489288504E+00
  0.7730268834629650E+00
  0.1060758966904411E+01
  0.1423133825462230E+01
  0.1919454659343598E+01
  0.2657585028183314E+01
  0.3821898504805515E+01
  0.5645139137836120E+01
  0.8147029586661343E+01
  0.1041287029013755E+02
  0.1116815052462962E+02
 -0.6283529339147304E+01
 -0.5881644640607520E+01
 -0.4675990544988165E+01
 -0.3248177963485237E+01
 -0.2104613463161447E+01
 -0.1315392088869179E+01
 -0.7507540295401631E+00
 -0.3185708564758911E+00
  0.2266595012728206E-01
  0.3039195379228761E+00
  0.5572157584614937E+00
  0.8131817994365246E+00
  0.1103077773180492E+01
  0.1465744508182575E+01
  0.1960465132087490E+01
  0.2689758586034187E+01
  0.3825018701819634E+01
  0.5555547992743380E+01
  0.7788693261487674E+01
  0.9835279070639540E+01
  0.1051747434035683E+02
 -0.5955210911959766E+01
 -0.5609004569123732E+01
 -0.4570385540615630E+01
 -0.3277572567854659E+01
 -0.2249477785551070E+01
 -0.1481449646391994E+01
 -0.8680095972851656E+00
 -0.3745785400621268E+00
  0.1029879851148070E-01
  0.3191048544733432E+00
  0.5958924200948512E+00
  0.8770843298998625E+00
  0.1194650210642032E+01
  0.1587415717871231E+01
  0.2110132784576339E+01
  0.2845896328753866E+01
  0.3937181603259784E+01
  0.5622240091182329E+01
  0.7938992848357435E+01
  0.9732602449024991E+01
  0.1033047231591418E+02
 -0.5490632092974402E+01
 -0.5173784616698950E+01
 -0.4223242187872597E+01
 -0.3263349394446577E+01
 -0.2365416633279226E+01
 -0.1571596985547260E+01
 -0.9069965730780347E+00
 -0.3893295883700583E+00
 -0.8405732003718193E-02
  0.2873354716896792E+00
  0.5616998955622553E+00
  0.8600307528295410E+00
  0.1215427464554558E+01
  0.1666810242177048E+01
  0.2265565226768983E+01
  0.3067491660591646E+01
  0.4107771849618866E+01
  0.5363754194394201E+01
  0.6741788183059275E+01
  0.8479418043849735E+01
  0.9058627997446555E+01
 -0.6030731517908855E+01
 -0.5602631727523680E+01
 -0.4318332356368157E+01
 -0.2922632654755085E+01
 -0.1859813072157083E+01
 -0.1123207580146469E+01
 -0.6134285134018564E+00
 -0.2602702191301428E+00
 -0.1673988922181478E-01
  0.1681515113483266E+00
  0.3459787418848390E+00
  0.5551613653291190E+00
  0.8255849056705842E+00
  0.1193626198769333E+01
  0.1717014144369955E+01
  0.2496820085270676E+01
  0.3715303926541415E+01
  0.5647678788796492E+01
  0.8459770368889654E+01
  0.1146383504485915E+02
  0.1246518993684898E+02
 -0.3015365758954427E+01
  0.0000000000000000E+00
  0.0000000000000000E+00
  0.0000000000000000E+00
  0.0000000000000000E+00
  0.0000000000000000E+00
  0.0000000000000000E+00
  0.0000000000000000E+00
  0.0000000000000000E+00
  0.0000000000000000E+00
  0.0000000000000000E+00
  0.0000000000000000E+00
  0.0000000000000000E+00
  0.0000000000000000E+00
  0.0000000000000000E+00
  0.0000000000000000E+00
  0.0000000000000000E+00
  0.0000000000000000E+00
  0.0000000000000000E+00
  0.0000000000000000E+00
  0.6232594968424491E+01
